(kicad_pcb (version 20171130) (host pcbnew 5.0.1-33cea8e~67~ubuntu18.04.1)

  (general
    (thickness 1.6)
    (drawings 16)
    (tracks 735)
    (zones 0)
    (modules 63)
    (nets 83)
  )

  (page A4)
  (layers
    (0 F.Cu signal)
    (31 B.Cu signal)
    (32 B.Adhes user)
    (33 F.Adhes user)
    (34 B.Paste user)
    (35 F.Paste user)
    (36 B.SilkS user)
    (37 F.SilkS user)
    (38 B.Mask user)
    (39 F.Mask user)
    (40 Dwgs.User user)
    (41 Cmts.User user)
    (42 Eco1.User user)
    (43 Eco2.User user)
    (44 Edge.Cuts user)
    (45 Margin user)
    (46 B.CrtYd user)
    (47 F.CrtYd user)
    (48 B.Fab user)
    (49 F.Fab user)
  )

  (setup
    (last_trace_width 0.3)
    (trace_clearance 0.2)
    (zone_clearance 2)
    (zone_45_only no)
    (trace_min 0.3)
    (segment_width 0.2)
    (edge_width 0.15)
    (via_size 1.5)
    (via_drill 1)
    (via_min_size 0.4)
    (via_min_drill 0.3)
    (uvia_size 0.3)
    (uvia_drill 0.1)
    (uvias_allowed no)
    (uvia_min_size 0.2)
    (uvia_min_drill 0.1)
    (pcb_text_width 0.3)
    (pcb_text_size 1.5 1.5)
    (mod_edge_width 0.15)
    (mod_text_size 1 1)
    (mod_text_width 0.15)
    (pad_size 1.524 1.524)
    (pad_drill 0.762)
    (pad_to_mask_clearance 0.051)
    (solder_mask_min_width 0.25)
    (aux_axis_origin 0 0)
    (visible_elements FFFFFFFF)
    (pcbplotparams
      (layerselection 0x010fc_ffffffff)
      (usegerberextensions false)
      (usegerberattributes false)
      (usegerberadvancedattributes false)
      (creategerberjobfile false)
      (excludeedgelayer true)
      (linewidth 0.100000)
      (plotframeref false)
      (viasonmask false)
      (mode 1)
      (useauxorigin false)
      (hpglpennumber 1)
      (hpglpenspeed 20)
      (hpglpendiameter 15.000000)
      (psnegative false)
      (psa4output false)
      (plotreference true)
      (plotvalue true)
      (plotinvisibletext false)
      (padsonsilk false)
      (subtractmaskfromsilk false)
      (outputformat 1)
      (mirror false)
      (drillshape 1)
      (scaleselection 1)
      (outputdirectory ""))
  )

  (net 0 "")
  (net 1 GND)
  (net 2 "Net-(Q3-Pad1)")
  (net 3 /FAN_PWM_OUTPUT)
  (net 4 +5V)
  (net 5 "Net-(BOOT1-Pad2)")
  (net 6 /STM32_CORE/BOOT0)
  (net 7 /STM32_CORE/BOOT1)
  (net 8 "Net-(D2-Pad1)")
  (net 9 "Net-(D3-Pad1)")
  (net 10 /SSR-25-DA1)
  (net 11 "Net-(Q2-Pad1)")
  (net 12 "Net-(R4-Pad2)")
  (net 13 "Net-(Q1-Pad3)")
  (net 14 "Net-(D1-Pad1)")
  (net 15 +3V3)
  (net 16 /STM32_CORE/RESET)
  (net 17 /SSR-25-DA2)
  (net 18 /WS2812_PWM_TERMINAL)
  (net 19 /SSR_CH1_OUTPUT2)
  (net 20 /SSR_CH1_OUTPUT1)
  (net 21 /STM32_CORE/VBAT)
  (net 22 /STM32_CORE/PC13)
  (net 23 /STM32_CORE/PC14)
  (net 24 /STM32_CORE/PC15)
  (net 25 /STM32_CORE/OSCIN)
  (net 26 /STM32_CORE/OSCOUT)
  (net 27 /STM32_CORE/PA0)
  (net 28 /STM32_CORE/PA1)
  (net 29 /STM32_CORE/PA7)
  (net 30 /STM32_CORE/PB10)
  (net 31 /STM32_CORE/PB11)
  (net 32 /STM32_CORE/PB12)
  (net 33 /STM32_CORE/PB14)
  (net 34 /STM32_CORE/PB15)
  (net 35 /STM32_CORE/PA8)
  (net 36 /STM32_CORE/PA9)
  (net 37 /STM32_CORE/PA10)
  (net 38 /STM32_CORE/PA11)
  (net 39 /STM32_CORE/PA12)
  (net 40 /STM32_CORE/SWIO)
  (net 41 /STM32_CORE/SWCLK)
  (net 42 /STM32_CORE/PA15)
  (net 43 /STM32_CORE/PB6)
  (net 44 /STM32_CORE/PB7)
  (net 45 /FAN_48V)
  (net 46 "Net-(J7-Pad10)")
  (net 47 "Net-(J7-Pad11)")
  (net 48 "Net-(J7-Pad12)")
  (net 49 /FAN_RPM)
  (net 50 VWS2812)
  (net 51 "Net-(Q1-Pad1)")
  (net 52 "Net-(BOOT0-Pad2)")
  (net 53 "Net-(J6-Pad14)")
  (net 54 "Net-(C15-Pad1)")
  (net 55 "Net-(C18-Pad2)")
  (net 56 "Net-(C19-Pad2)")
  (net 57 "Net-(C16-Pad1)")
  (net 58 "Net-(C16-Pad2)")
  (net 59 /rs232_level_switch/RS232-TX2)
  (net 60 /rs232_level_switch/RS232-RX2)
  (net 61 /rs232_level_switch/TTL-RX2)
  (net 62 /rs232_level_switch/TTL-TX2)
  (net 63 /IONAIR_RX)
  (net 64 /IONAIR_TX)
  (net 65 "Net-(C15-Pad2)")
  (net 66 "Net-(J10-Pad8)")
  (net 67 SPI1_SCK)
  (net 68 SPI1_MISO)
  (net 69 SPI1_MOSI)
  (net 70 I2C_SCL)
  (net 71 I2C_SDA)
  (net 72 IONAIR-TTL-TX)
  (net 73 IONAIR-TTL-RX)
  (net 74 STM32_SSR_OUTPUT)
  (net 75 STM32_FAN_PWM_OUTPUT)
  (net 76 STM32_SSR-25-DA_OUTPUT)
  (net 77 STM32_WS2812_OUTPUT)
  (net 78 "Net-(D5-Pad2)")
  (net 79 "Net-(D4-Pad2)")
  (net 80 /STM32_CORE/PA4)
  (net 81 /STM32_CORE/PA5)
  (net 82 "Net-(J8-Pad3)")

  (net_class Default "This is the default net class."
    (clearance 0.2)
    (trace_width 0.3)
    (via_dia 1.5)
    (via_drill 1)
    (uvia_dia 0.3)
    (uvia_drill 0.1)
    (add_net /FAN_PWM_OUTPUT)
    (add_net /FAN_RPM)
    (add_net /IONAIR_RX)
    (add_net /IONAIR_TX)
    (add_net /SSR-25-DA1)
    (add_net /SSR-25-DA2)
    (add_net /SSR_CH1_OUTPUT1)
    (add_net /SSR_CH1_OUTPUT2)
    (add_net /STM32_CORE/BOOT0)
    (add_net /STM32_CORE/BOOT1)
    (add_net /STM32_CORE/OSCIN)
    (add_net /STM32_CORE/OSCOUT)
    (add_net /STM32_CORE/PA0)
    (add_net /STM32_CORE/PA1)
    (add_net /STM32_CORE/PA10)
    (add_net /STM32_CORE/PA11)
    (add_net /STM32_CORE/PA12)
    (add_net /STM32_CORE/PA15)
    (add_net /STM32_CORE/PA4)
    (add_net /STM32_CORE/PA5)
    (add_net /STM32_CORE/PA7)
    (add_net /STM32_CORE/PA8)
    (add_net /STM32_CORE/PA9)
    (add_net /STM32_CORE/PB10)
    (add_net /STM32_CORE/PB11)
    (add_net /STM32_CORE/PB12)
    (add_net /STM32_CORE/PB14)
    (add_net /STM32_CORE/PB15)
    (add_net /STM32_CORE/PB6)
    (add_net /STM32_CORE/PB7)
    (add_net /STM32_CORE/PC13)
    (add_net /STM32_CORE/PC14)
    (add_net /STM32_CORE/PC15)
    (add_net /STM32_CORE/RESET)
    (add_net /STM32_CORE/SWCLK)
    (add_net /STM32_CORE/SWIO)
    (add_net /STM32_CORE/VBAT)
    (add_net /WS2812_PWM_TERMINAL)
    (add_net /rs232_level_switch/RS232-RX2)
    (add_net /rs232_level_switch/RS232-TX2)
    (add_net /rs232_level_switch/TTL-RX2)
    (add_net /rs232_level_switch/TTL-TX2)
    (add_net I2C_SCL)
    (add_net I2C_SDA)
    (add_net IONAIR-TTL-RX)
    (add_net IONAIR-TTL-TX)
    (add_net "Net-(BOOT0-Pad2)")
    (add_net "Net-(BOOT1-Pad2)")
    (add_net "Net-(C15-Pad1)")
    (add_net "Net-(C15-Pad2)")
    (add_net "Net-(C16-Pad1)")
    (add_net "Net-(C16-Pad2)")
    (add_net "Net-(C18-Pad2)")
    (add_net "Net-(C19-Pad2)")
    (add_net "Net-(D1-Pad1)")
    (add_net "Net-(D2-Pad1)")
    (add_net "Net-(D3-Pad1)")
    (add_net "Net-(D4-Pad2)")
    (add_net "Net-(D5-Pad2)")
    (add_net "Net-(J10-Pad8)")
    (add_net "Net-(J6-Pad14)")
    (add_net "Net-(J7-Pad10)")
    (add_net "Net-(J7-Pad11)")
    (add_net "Net-(J7-Pad12)")
    (add_net "Net-(J8-Pad3)")
    (add_net "Net-(Q1-Pad1)")
    (add_net "Net-(Q1-Pad3)")
    (add_net "Net-(Q2-Pad1)")
    (add_net "Net-(Q3-Pad1)")
    (add_net "Net-(R4-Pad2)")
    (add_net SPI1_MISO)
    (add_net SPI1_MOSI)
    (add_net SPI1_SCK)
    (add_net STM32_FAN_PWM_OUTPUT)
    (add_net STM32_SSR-25-DA_OUTPUT)
    (add_net STM32_SSR_OUTPUT)
    (add_net STM32_WS2812_OUTPUT)
    (add_net VWS2812)
  )

  (net_class PWR ""
    (clearance 0.2)
    (trace_width 0.5)
    (via_dia 2)
    (via_drill 1)
    (uvia_dia 0.3)
    (uvia_drill 0.1)
    (add_net +3V3)
    (add_net +5V)
    (add_net /FAN_48V)
    (add_net GND)
  )

  (module Capacitor_SMD:CP_Elec_10x10.5 (layer F.Cu) (tedit 5A841F9D) (tstamp 5BE3AA14)
    (at 68.707 23.4315 180)
    (descr "SMT capacitor, aluminium electrolytic, 10x10, Vishay 1010 http://www.vishay.com/docs/28395/150crz.pdf")
    (tags "Capacitor Electrolytic")
    (path /5BCB6CCE)
    (attr smd)
    (fp_text reference C1 (at 0 -6.3 180) (layer F.SilkS)
      (effects (font (size 1 1) (thickness 0.15)))
    )
    (fp_text value CP1000uf,10V (at 0 6.3 180) (layer F.Fab)
      (effects (font (size 1 1) (thickness 0.15)))
    )
    (fp_circle (center 0 0) (end 5 0) (layer F.Fab) (width 0.1))
    (fp_line (start 5.25 -5.25) (end 5.25 5.25) (layer F.Fab) (width 0.1))
    (fp_line (start -4.25 -5.25) (end 5.25 -5.25) (layer F.Fab) (width 0.1))
    (fp_line (start -4.25 5.25) (end 5.25 5.25) (layer F.Fab) (width 0.1))
    (fp_line (start -5.25 -4.25) (end -5.25 4.25) (layer F.Fab) (width 0.1))
    (fp_line (start -5.25 -4.25) (end -4.25 -5.25) (layer F.Fab) (width 0.1))
    (fp_line (start -5.25 4.25) (end -4.25 5.25) (layer F.Fab) (width 0.1))
    (fp_line (start -4.558325 -1.7) (end -3.558325 -1.7) (layer F.Fab) (width 0.1))
    (fp_line (start -4.058325 -2.2) (end -4.058325 -1.2) (layer F.Fab) (width 0.1))
    (fp_line (start 5.36 5.36) (end 5.36 1.51) (layer F.SilkS) (width 0.12))
    (fp_line (start 5.36 -5.36) (end 5.36 -1.51) (layer F.SilkS) (width 0.12))
    (fp_line (start -4.295563 -5.36) (end 5.36 -5.36) (layer F.SilkS) (width 0.12))
    (fp_line (start -4.295563 5.36) (end 5.36 5.36) (layer F.SilkS) (width 0.12))
    (fp_line (start -5.36 4.295563) (end -5.36 1.51) (layer F.SilkS) (width 0.12))
    (fp_line (start -5.36 -4.295563) (end -5.36 -1.51) (layer F.SilkS) (width 0.12))
    (fp_line (start -5.36 -4.295563) (end -4.295563 -5.36) (layer F.SilkS) (width 0.12))
    (fp_line (start -5.36 4.295563) (end -4.295563 5.36) (layer F.SilkS) (width 0.12))
    (fp_line (start -6.85 -2.76) (end -5.6 -2.76) (layer F.SilkS) (width 0.12))
    (fp_line (start -6.225 -3.385) (end -6.225 -2.135) (layer F.SilkS) (width 0.12))
    (fp_line (start 5.5 -5.5) (end 5.5 -1.5) (layer F.CrtYd) (width 0.05))
    (fp_line (start 5.5 -1.5) (end 6.65 -1.5) (layer F.CrtYd) (width 0.05))
    (fp_line (start 6.65 -1.5) (end 6.65 1.5) (layer F.CrtYd) (width 0.05))
    (fp_line (start 6.65 1.5) (end 5.5 1.5) (layer F.CrtYd) (width 0.05))
    (fp_line (start 5.5 1.5) (end 5.5 5.5) (layer F.CrtYd) (width 0.05))
    (fp_line (start -4.35 5.5) (end 5.5 5.5) (layer F.CrtYd) (width 0.05))
    (fp_line (start -4.35 -5.5) (end 5.5 -5.5) (layer F.CrtYd) (width 0.05))
    (fp_line (start -5.5 4.35) (end -4.35 5.5) (layer F.CrtYd) (width 0.05))
    (fp_line (start -5.5 -4.35) (end -4.35 -5.5) (layer F.CrtYd) (width 0.05))
    (fp_line (start -5.5 -4.35) (end -5.5 -1.5) (layer F.CrtYd) (width 0.05))
    (fp_line (start -5.5 1.5) (end -5.5 4.35) (layer F.CrtYd) (width 0.05))
    (fp_line (start -5.5 -1.5) (end -6.65 -1.5) (layer F.CrtYd) (width 0.05))
    (fp_line (start -6.65 -1.5) (end -6.65 1.5) (layer F.CrtYd) (width 0.05))
    (fp_line (start -6.65 1.5) (end -5.5 1.5) (layer F.CrtYd) (width 0.05))
    (fp_text user %R (at 0 0 180) (layer F.Fab)
      (effects (font (size 1 1) (thickness 0.15)))
    )
    (pad 1 smd rect (at -4.2 0 180) (size 4.4 2.5) (layers F.Cu F.Paste F.Mask)
      (net 50 VWS2812))
    (pad 2 smd rect (at 4.2 0 180) (size 4.4 2.5) (layers F.Cu F.Paste F.Mask)
      (net 1 GND))
    (model ${KISYS3DMOD}/Capacitor_SMD.3dshapes/CP_Elec_10x10.5.wrl
      (at (xyz 0 0 0))
      (scale (xyz 1 1 1))
      (rotate (xyz 0 0 0))
    )
  )

  (module Connector_PinHeader_1.27mm:PinHeader_1x15_P1.27mm_Vertical (layer F.Cu) (tedit 59FED6E3) (tstamp 5BDCD367)
    (at 32.639 49.022 90)
    (descr "Through hole straight pin header, 1x15, 1.27mm pitch, single row")
    (tags "Through hole pin header THT 1x15 1.27mm single row")
    (path /5BCB6FA2/5BDCE49F)
    (fp_text reference J8 (at 0 -1.695 90) (layer F.SilkS)
      (effects (font (size 1 1) (thickness 0.15)))
    )
    (fp_text value Conn_01x15 (at 0 19.475 90) (layer F.Fab)
      (effects (font (size 1 1) (thickness 0.15)))
    )
    (fp_line (start -0.525 -0.635) (end 1.05 -0.635) (layer F.Fab) (width 0.1))
    (fp_line (start 1.05 -0.635) (end 1.05 18.415) (layer F.Fab) (width 0.1))
    (fp_line (start 1.05 18.415) (end -1.05 18.415) (layer F.Fab) (width 0.1))
    (fp_line (start -1.05 18.415) (end -1.05 -0.11) (layer F.Fab) (width 0.1))
    (fp_line (start -1.05 -0.11) (end -0.525 -0.635) (layer F.Fab) (width 0.1))
    (fp_line (start -1.11 18.475) (end -0.30753 18.475) (layer F.SilkS) (width 0.12))
    (fp_line (start 0.30753 18.475) (end 1.11 18.475) (layer F.SilkS) (width 0.12))
    (fp_line (start -1.11 0.76) (end -1.11 18.475) (layer F.SilkS) (width 0.12))
    (fp_line (start 1.11 0.76) (end 1.11 18.475) (layer F.SilkS) (width 0.12))
    (fp_line (start -1.11 0.76) (end -0.563471 0.76) (layer F.SilkS) (width 0.12))
    (fp_line (start 0.563471 0.76) (end 1.11 0.76) (layer F.SilkS) (width 0.12))
    (fp_line (start -1.11 0) (end -1.11 -0.76) (layer F.SilkS) (width 0.12))
    (fp_line (start -1.11 -0.76) (end 0 -0.76) (layer F.SilkS) (width 0.12))
    (fp_line (start -1.55 -1.15) (end -1.55 18.95) (layer F.CrtYd) (width 0.05))
    (fp_line (start -1.55 18.95) (end 1.55 18.95) (layer F.CrtYd) (width 0.05))
    (fp_line (start 1.55 18.95) (end 1.55 -1.15) (layer F.CrtYd) (width 0.05))
    (fp_line (start 1.55 -1.15) (end -1.55 -1.15) (layer F.CrtYd) (width 0.05))
    (fp_text user %R (at 0 8.89 180) (layer F.Fab)
      (effects (font (size 1 1) (thickness 0.15)))
    )
    (pad 1 thru_hole rect (at 0 0 90) (size 1 1) (drill 0.65) (layers *.Cu *.Mask)
      (net 1 GND))
    (pad 2 thru_hole oval (at 0 1.27 90) (size 1 1) (drill 0.65) (layers *.Cu *.Mask)
      (net 15 +3V3))
    (pad 3 thru_hole oval (at 0 2.54 90) (size 1 1) (drill 0.65) (layers *.Cu *.Mask)
      (net 82 "Net-(J8-Pad3)"))
    (pad 4 thru_hole oval (at 0 3.81 90) (size 1 1) (drill 0.65) (layers *.Cu *.Mask)
      (net 27 /STM32_CORE/PA0))
    (pad 5 thru_hole oval (at 0 5.08 90) (size 1 1) (drill 0.65) (layers *.Cu *.Mask)
      (net 28 /STM32_CORE/PA1))
    (pad 6 thru_hole oval (at 0 6.35 90) (size 1 1) (drill 0.65) (layers *.Cu *.Mask)
      (net 72 IONAIR-TTL-TX))
    (pad 7 thru_hole oval (at 0 7.62 90) (size 1 1) (drill 0.65) (layers *.Cu *.Mask)
      (net 73 IONAIR-TTL-RX))
    (pad 8 thru_hole oval (at 0 8.89 90) (size 1 1) (drill 0.65) (layers *.Cu *.Mask)
      (net 80 /STM32_CORE/PA4))
    (pad 9 thru_hole oval (at 0 10.16 90) (size 1 1) (drill 0.65) (layers *.Cu *.Mask)
      (net 81 /STM32_CORE/PA5))
    (pad 10 thru_hole oval (at 0 11.43 90) (size 1 1) (drill 0.65) (layers *.Cu *.Mask)
      (net 77 STM32_WS2812_OUTPUT))
    (pad 11 thru_hole oval (at 0 12.7 90) (size 1 1) (drill 0.65) (layers *.Cu *.Mask)
      (net 29 /STM32_CORE/PA7))
    (pad 12 thru_hole oval (at 0 13.97 90) (size 1 1) (drill 0.65) (layers *.Cu *.Mask)
      (net 74 STM32_SSR_OUTPUT))
    (pad 13 thru_hole oval (at 0 15.24 90) (size 1 1) (drill 0.65) (layers *.Cu *.Mask)
      (net 76 STM32_SSR-25-DA_OUTPUT))
    (pad 14 thru_hole oval (at 0 16.51 90) (size 1 1) (drill 0.65) (layers *.Cu *.Mask)
      (net 30 /STM32_CORE/PB10))
    (pad 15 thru_hole oval (at 0 17.78 90) (size 1 1) (drill 0.65) (layers *.Cu *.Mask)
      (net 31 /STM32_CORE/PB11))
    (model ${KISYS3DMOD}/Connector_PinHeader_1.27mm.3dshapes/PinHeader_1x15_P1.27mm_Vertical.wrl
      (at (xyz 0 0 0))
      (scale (xyz 1 1 1))
      (rotate (xyz 0 0 0))
    )
  )

  (module Capacitor_SMD:C_0805_2012Metric_Pad1.15x1.40mm_HandSolder (layer F.Cu) (tedit 5B36C52B) (tstamp 5BDC9940)
    (at 6.477 56.642 270)
    (descr "Capacitor SMD 0805 (2012 Metric), square (rectangular) end terminal, IPC_7351 nominal with elongated pad for handsoldering. (Body size source: https://docs.google.com/spreadsheets/d/1BsfQQcO9C6DZCsRaXUlFlo91Tg2WpOkGARC1WS5S8t0/edit?usp=sharing), generated with kicad-footprint-generator")
    (tags "capacitor handsolder")
    (path /5BCE47B4/5BCE8DF5)
    (attr smd)
    (fp_text reference C19 (at 0 -1.65 270) (layer F.SilkS)
      (effects (font (size 1 1) (thickness 0.15)))
    )
    (fp_text value C104 (at 0 1.65 270) (layer F.Fab)
      (effects (font (size 1 1) (thickness 0.15)))
    )
    (fp_line (start -1 0.6) (end -1 -0.6) (layer F.Fab) (width 0.1))
    (fp_line (start -1 -0.6) (end 1 -0.6) (layer F.Fab) (width 0.1))
    (fp_line (start 1 -0.6) (end 1 0.6) (layer F.Fab) (width 0.1))
    (fp_line (start 1 0.6) (end -1 0.6) (layer F.Fab) (width 0.1))
    (fp_line (start -0.261252 -0.71) (end 0.261252 -0.71) (layer F.SilkS) (width 0.12))
    (fp_line (start -0.261252 0.71) (end 0.261252 0.71) (layer F.SilkS) (width 0.12))
    (fp_line (start -1.85 0.95) (end -1.85 -0.95) (layer F.CrtYd) (width 0.05))
    (fp_line (start -1.85 -0.95) (end 1.85 -0.95) (layer F.CrtYd) (width 0.05))
    (fp_line (start 1.85 -0.95) (end 1.85 0.95) (layer F.CrtYd) (width 0.05))
    (fp_line (start 1.85 0.95) (end -1.85 0.95) (layer F.CrtYd) (width 0.05))
    (fp_text user %R (at 0 0 270) (layer F.Fab)
      (effects (font (size 0.5 0.5) (thickness 0.08)))
    )
    (pad 1 smd roundrect (at -1.025 0 270) (size 1.15 1.4) (layers F.Cu F.Paste F.Mask) (roundrect_rratio 0.217391)
      (net 1 GND))
    (pad 2 smd roundrect (at 1.025 0 270) (size 1.15 1.4) (layers F.Cu F.Paste F.Mask) (roundrect_rratio 0.217391)
      (net 56 "Net-(C19-Pad2)"))
    (model ${KISYS3DMOD}/Capacitor_SMD.3dshapes/C_0805_2012Metric.wrl
      (at (xyz 0 0 0))
      (scale (xyz 1 1 1))
      (rotate (xyz 0 0 0))
    )
  )

  (module LED_SMD:LED_0805_2012Metric_Pad1.15x1.40mm_HandSolder (layer F.Cu) (tedit 5B4B45C9) (tstamp 5BDC6550)
    (at 34.29 53.848 180)
    (descr "LED SMD 0805 (2012 Metric), square (rectangular) end terminal, IPC_7351 nominal, (Body size source: https://docs.google.com/spreadsheets/d/1BsfQQcO9C6DZCsRaXUlFlo91Tg2WpOkGARC1WS5S8t0/edit?usp=sharing), generated with kicad-footprint-generator")
    (tags "LED handsolder")
    (path /5BCE47B4/5BD95E02)
    (attr smd)
    (fp_text reference D5 (at 0 -1.65 180) (layer F.SilkS)
      (effects (font (size 1 1) (thickness 0.15)))
    )
    (fp_text value LED_GREEN (at 0 1.65 180) (layer F.Fab)
      (effects (font (size 1 1) (thickness 0.15)))
    )
    (fp_text user %R (at 0 0 180) (layer F.Fab)
      (effects (font (size 0.5 0.5) (thickness 0.08)))
    )
    (fp_line (start 1.85 0.95) (end -1.85 0.95) (layer F.CrtYd) (width 0.05))
    (fp_line (start 1.85 -0.95) (end 1.85 0.95) (layer F.CrtYd) (width 0.05))
    (fp_line (start -1.85 -0.95) (end 1.85 -0.95) (layer F.CrtYd) (width 0.05))
    (fp_line (start -1.85 0.95) (end -1.85 -0.95) (layer F.CrtYd) (width 0.05))
    (fp_line (start -1.86 0.96) (end 1 0.96) (layer F.SilkS) (width 0.12))
    (fp_line (start -1.86 -0.96) (end -1.86 0.96) (layer F.SilkS) (width 0.12))
    (fp_line (start 1 -0.96) (end -1.86 -0.96) (layer F.SilkS) (width 0.12))
    (fp_line (start 1 0.6) (end 1 -0.6) (layer F.Fab) (width 0.1))
    (fp_line (start -1 0.6) (end 1 0.6) (layer F.Fab) (width 0.1))
    (fp_line (start -1 -0.3) (end -1 0.6) (layer F.Fab) (width 0.1))
    (fp_line (start -0.7 -0.6) (end -1 -0.3) (layer F.Fab) (width 0.1))
    (fp_line (start 1 -0.6) (end -0.7 -0.6) (layer F.Fab) (width 0.1))
    (pad 2 smd roundrect (at 1.025 0 180) (size 1.15 1.4) (layers F.Cu F.Paste F.Mask) (roundrect_rratio 0.217391)
      (net 78 "Net-(D5-Pad2)"))
    (pad 1 smd roundrect (at -1.025 0 180) (size 1.15 1.4) (layers F.Cu F.Paste F.Mask) (roundrect_rratio 0.217391)
      (net 73 IONAIR-TTL-RX))
    (model ${KISYS3DMOD}/LED_SMD.3dshapes/LED_0805_2012Metric.wrl
      (at (xyz 0 0 0))
      (scale (xyz 1 1 1))
      (rotate (xyz 0 0 0))
    )
  )

  (module LED_SMD:LED_0805_2012Metric_Pad1.15x1.40mm_HandSolder (layer F.Cu) (tedit 5B4B45C9) (tstamp 5BDC64F5)
    (at 34.417 51.816 180)
    (descr "LED SMD 0805 (2012 Metric), square (rectangular) end terminal, IPC_7351 nominal, (Body size source: https://docs.google.com/spreadsheets/d/1BsfQQcO9C6DZCsRaXUlFlo91Tg2WpOkGARC1WS5S8t0/edit?usp=sharing), generated with kicad-footprint-generator")
    (tags "LED handsolder")
    (path /5BCE47B4/5BD94746)
    (attr smd)
    (fp_text reference D4 (at 0 -1.65 180) (layer F.SilkS)
      (effects (font (size 1 1) (thickness 0.15)))
    )
    (fp_text value LED_GREEN (at 0 1.65 180) (layer F.Fab)
      (effects (font (size 1 1) (thickness 0.15)))
    )
    (fp_line (start 1 -0.6) (end -0.7 -0.6) (layer F.Fab) (width 0.1))
    (fp_line (start -0.7 -0.6) (end -1 -0.3) (layer F.Fab) (width 0.1))
    (fp_line (start -1 -0.3) (end -1 0.6) (layer F.Fab) (width 0.1))
    (fp_line (start -1 0.6) (end 1 0.6) (layer F.Fab) (width 0.1))
    (fp_line (start 1 0.6) (end 1 -0.6) (layer F.Fab) (width 0.1))
    (fp_line (start 1 -0.96) (end -1.86 -0.96) (layer F.SilkS) (width 0.12))
    (fp_line (start -1.86 -0.96) (end -1.86 0.96) (layer F.SilkS) (width 0.12))
    (fp_line (start -1.86 0.96) (end 1 0.96) (layer F.SilkS) (width 0.12))
    (fp_line (start -1.85 0.95) (end -1.85 -0.95) (layer F.CrtYd) (width 0.05))
    (fp_line (start -1.85 -0.95) (end 1.85 -0.95) (layer F.CrtYd) (width 0.05))
    (fp_line (start 1.85 -0.95) (end 1.85 0.95) (layer F.CrtYd) (width 0.05))
    (fp_line (start 1.85 0.95) (end -1.85 0.95) (layer F.CrtYd) (width 0.05))
    (fp_text user %R (at 0 0 180) (layer F.Fab)
      (effects (font (size 0.5 0.5) (thickness 0.08)))
    )
    (pad 1 smd roundrect (at -1.025 0 180) (size 1.15 1.4) (layers F.Cu F.Paste F.Mask) (roundrect_rratio 0.217391)
      (net 72 IONAIR-TTL-TX))
    (pad 2 smd roundrect (at 1.025 0 180) (size 1.15 1.4) (layers F.Cu F.Paste F.Mask) (roundrect_rratio 0.217391)
      (net 79 "Net-(D4-Pad2)"))
    (model ${KISYS3DMOD}/LED_SMD.3dshapes/LED_0805_2012Metric.wrl
      (at (xyz 0 0 0))
      (scale (xyz 1 1 1))
      (rotate (xyz 0 0 0))
    )
  )

  (module Resistor_SMD:R_0805_2012Metric_Pad1.15x1.40mm_HandSolder (layer F.Cu) (tedit 5B36C52B) (tstamp 5BDC622C)
    (at 28.321 51.816)
    (descr "Resistor SMD 0805 (2012 Metric), square (rectangular) end terminal, IPC_7351 nominal with elongated pad for handsoldering. (Body size source: https://docs.google.com/spreadsheets/d/1BsfQQcO9C6DZCsRaXUlFlo91Tg2WpOkGARC1WS5S8t0/edit?usp=sharing), generated with kicad-footprint-generator")
    (tags "resistor handsolder")
    (path /5BCE47B4/5BD94646)
    (attr smd)
    (fp_text reference R14 (at 0 -1.65) (layer F.SilkS)
      (effects (font (size 1 1) (thickness 0.15)))
    )
    (fp_text value R102 (at 0 1.65) (layer F.Fab)
      (effects (font (size 1 1) (thickness 0.15)))
    )
    (fp_text user %R (at 0 0) (layer F.Fab)
      (effects (font (size 0.5 0.5) (thickness 0.08)))
    )
    (fp_line (start 1.85 0.95) (end -1.85 0.95) (layer F.CrtYd) (width 0.05))
    (fp_line (start 1.85 -0.95) (end 1.85 0.95) (layer F.CrtYd) (width 0.05))
    (fp_line (start -1.85 -0.95) (end 1.85 -0.95) (layer F.CrtYd) (width 0.05))
    (fp_line (start -1.85 0.95) (end -1.85 -0.95) (layer F.CrtYd) (width 0.05))
    (fp_line (start -0.261252 0.71) (end 0.261252 0.71) (layer F.SilkS) (width 0.12))
    (fp_line (start -0.261252 -0.71) (end 0.261252 -0.71) (layer F.SilkS) (width 0.12))
    (fp_line (start 1 0.6) (end -1 0.6) (layer F.Fab) (width 0.1))
    (fp_line (start 1 -0.6) (end 1 0.6) (layer F.Fab) (width 0.1))
    (fp_line (start -1 -0.6) (end 1 -0.6) (layer F.Fab) (width 0.1))
    (fp_line (start -1 0.6) (end -1 -0.6) (layer F.Fab) (width 0.1))
    (pad 2 smd roundrect (at 1.025 0) (size 1.15 1.4) (layers F.Cu F.Paste F.Mask) (roundrect_rratio 0.217391)
      (net 79 "Net-(D4-Pad2)"))
    (pad 1 smd roundrect (at -1.025 0) (size 1.15 1.4) (layers F.Cu F.Paste F.Mask) (roundrect_rratio 0.217391)
      (net 4 +5V))
    (model ${KISYS3DMOD}/Resistor_SMD.3dshapes/R_0805_2012Metric.wrl
      (at (xyz 0 0 0))
      (scale (xyz 1 1 1))
      (rotate (xyz 0 0 0))
    )
  )

  (module Resistor_SMD:R_0805_2012Metric_Pad1.15x1.40mm_HandSolder (layer F.Cu) (tedit 5B36C52B) (tstamp 5BDC621B)
    (at 29.718 53.848)
    (descr "Resistor SMD 0805 (2012 Metric), square (rectangular) end terminal, IPC_7351 nominal with elongated pad for handsoldering. (Body size source: https://docs.google.com/spreadsheets/d/1BsfQQcO9C6DZCsRaXUlFlo91Tg2WpOkGARC1WS5S8t0/edit?usp=sharing), generated with kicad-footprint-generator")
    (tags "resistor handsolder")
    (path /5BCE47B4/5BD95DFC)
    (attr smd)
    (fp_text reference R15 (at 0 -1.65) (layer F.SilkS)
      (effects (font (size 1 1) (thickness 0.15)))
    )
    (fp_text value R102 (at 0 1.65) (layer F.Fab)
      (effects (font (size 1 1) (thickness 0.15)))
    )
    (fp_line (start -1 0.6) (end -1 -0.6) (layer F.Fab) (width 0.1))
    (fp_line (start -1 -0.6) (end 1 -0.6) (layer F.Fab) (width 0.1))
    (fp_line (start 1 -0.6) (end 1 0.6) (layer F.Fab) (width 0.1))
    (fp_line (start 1 0.6) (end -1 0.6) (layer F.Fab) (width 0.1))
    (fp_line (start -0.261252 -0.71) (end 0.261252 -0.71) (layer F.SilkS) (width 0.12))
    (fp_line (start -0.261252 0.71) (end 0.261252 0.71) (layer F.SilkS) (width 0.12))
    (fp_line (start -1.85 0.95) (end -1.85 -0.95) (layer F.CrtYd) (width 0.05))
    (fp_line (start -1.85 -0.95) (end 1.85 -0.95) (layer F.CrtYd) (width 0.05))
    (fp_line (start 1.85 -0.95) (end 1.85 0.95) (layer F.CrtYd) (width 0.05))
    (fp_line (start 1.85 0.95) (end -1.85 0.95) (layer F.CrtYd) (width 0.05))
    (fp_text user %R (at 0 0) (layer F.Fab)
      (effects (font (size 0.5 0.5) (thickness 0.08)))
    )
    (pad 1 smd roundrect (at -1.025 0) (size 1.15 1.4) (layers F.Cu F.Paste F.Mask) (roundrect_rratio 0.217391)
      (net 4 +5V))
    (pad 2 smd roundrect (at 1.025 0) (size 1.15 1.4) (layers F.Cu F.Paste F.Mask) (roundrect_rratio 0.217391)
      (net 78 "Net-(D5-Pad2)"))
    (model ${KISYS3DMOD}/Resistor_SMD.3dshapes/R_0805_2012Metric.wrl
      (at (xyz 0 0 0))
      (scale (xyz 1 1 1))
      (rotate (xyz 0 0 0))
    )
  )

  (module w_conn_mkds:mkds_1,5-3 (layer F.Cu) (tedit 0) (tstamp 5BCE2653)
    (at 36.703 60.325)
    (descr "3-way 5mm pitch terminal block, Phoenix MKDS series")
    (path /5BCF033A)
    (fp_text reference J9 (at 0 -6.6) (layer F.SilkS)
      (effects (font (size 1.5 1.5) (thickness 0.3)))
    )
    (fp_text value SSR (at 0 5.9) (layer F.SilkS)
      (effects (font (size 1.5 1.5) (thickness 0.3)))
    )
    (fp_circle (center 5 0.1) (end 3 0.1) (layer F.SilkS) (width 0.381))
    (fp_line (start 2.5 4.1) (end 2.5 4.6) (layer F.SilkS) (width 0.381))
    (fp_line (start -2.5 4.1) (end -2.5 4.6) (layer F.SilkS) (width 0.381))
    (fp_circle (center 0 0.1) (end -2 0.1) (layer F.SilkS) (width 0.381))
    (fp_circle (center -5 0.1) (end -3 0.1) (layer F.SilkS) (width 0.381))
    (fp_line (start -7.5 2.6) (end 7.5 2.6) (layer F.SilkS) (width 0.381))
    (fp_line (start -7.5 -2.3) (end 7.5 -2.3) (layer F.SilkS) (width 0.381))
    (fp_line (start -7.5 4.1) (end 7.5 4.1) (layer F.SilkS) (width 0.381))
    (fp_line (start -7.5 4.6) (end 7.5 4.6) (layer F.SilkS) (width 0.381))
    (fp_line (start 7.5 4.6) (end 7.5 -5.2) (layer F.SilkS) (width 0.381))
    (fp_line (start 7.5 -5.2) (end -7.5 -5.2) (layer F.SilkS) (width 0.381))
    (fp_line (start -7.5 -5.2) (end -7.5 4.6) (layer F.SilkS) (width 0.381))
    (pad 3 thru_hole circle (at 5 0) (size 2.5 2.5) (drill 1.3) (layers *.Cu *.Mask F.SilkS)
      (net 1 GND))
    (pad 1 thru_hole circle (at -5 0) (size 2.5 2.5) (drill 1.3) (layers *.Cu *.Mask F.SilkS)
      (net 63 /IONAIR_RX))
    (pad 2 thru_hole circle (at 0 0) (size 2.5 2.5) (drill 1.3) (layers *.Cu *.Mask F.SilkS)
      (net 64 /IONAIR_TX))
    (model ${HOME}/_workspace/kicad/kicad_library/smisioto-footprints/modules/packages3d/walter/conn_mkds/mkds_1,5-3.wrl
      (at (xyz 0 0 0))
      (scale (xyz 1 1 1))
      (rotate (xyz 0 0 0))
    )
  )

  (module Connector_FFC-FPC:TE_84952-8_1x08-1MP_P1.0mm_Horizontal locked (layer F.Cu) (tedit 5AEE14E3) (tstamp 5BCDEE10)
    (at 41.402 4.699 180)
    (descr "TE FPC connector, 08 bottom-side contacts, 1.0mm pitch, 1.0mm height, SMT, http://www.te.com/commerce/DocumentDelivery/DDEController?Action=srchrtrv&DocNm=84952&DocType=Customer+Drawing&DocLang=English&DocFormat=pdf&PartCntxt=84952-4")
    (tags "te fpc 84952")
    (path /5BD05062)
    (attr smd)
    (fp_text reference J10 (at 0 -4 180) (layer F.SilkS)
      (effects (font (size 1 1) (thickness 0.15)))
    )
    (fp_text value Conn_01x08 (at 0 7.7 180) (layer F.Fab)
      (effects (font (size 1 1) (thickness 0.15)))
    )
    (fp_line (start -6.935 -0.8) (end 6.935 -0.8) (layer F.Fab) (width 0.1))
    (fp_line (start 6.935 -0.8) (end 6.935 3.71) (layer F.Fab) (width 0.1))
    (fp_line (start 6.935 3.71) (end 7.96 3.71) (layer F.Fab) (width 0.1))
    (fp_line (start 7.96 3.71) (end 7.96 4.6) (layer F.Fab) (width 0.1))
    (fp_line (start 7.96 4.6) (end -7.96 4.6) (layer F.Fab) (width 0.1))
    (fp_line (start -7.96 4.6) (end -7.96 3.71) (layer F.Fab) (width 0.1))
    (fp_line (start -7.96 3.71) (end -6.935 3.71) (layer F.Fab) (width 0.1))
    (fp_line (start -6.935 3.71) (end -6.935 -0.8) (layer F.Fab) (width 0.1))
    (fp_line (start -4 -0.8) (end -3.5 0.2) (layer F.Fab) (width 0.1))
    (fp_line (start -3.5 0.2) (end -3 -0.8) (layer F.Fab) (width 0.1))
    (fp_line (start 6.935 4.6) (end 6.935 5.61) (layer F.Fab) (width 0.1))
    (fp_line (start 6.935 5.61) (end 7.96 5.61) (layer F.Fab) (width 0.1))
    (fp_line (start 7.96 5.61) (end 7.96 6.5) (layer F.Fab) (width 0.1))
    (fp_line (start 7.96 6.5) (end -7.96 6.5) (layer F.Fab) (width 0.1))
    (fp_line (start -7.96 6.5) (end -7.96 5.61) (layer F.Fab) (width 0.1))
    (fp_line (start -7.96 5.61) (end -6.935 5.61) (layer F.Fab) (width 0.1))
    (fp_line (start -6.935 5.61) (end -6.935 4.6) (layer F.Fab) (width 0.1))
    (fp_line (start 7.045 3.06) (end 7.045 3.6) (layer F.SilkS) (width 0.12))
    (fp_line (start 7.045 3.6) (end 8.07 3.6) (layer F.SilkS) (width 0.12))
    (fp_line (start 8.07 3.6) (end 8.07 4.71) (layer F.SilkS) (width 0.12))
    (fp_line (start 8.07 4.71) (end -8.07 4.71) (layer F.SilkS) (width 0.12))
    (fp_line (start -8.07 4.71) (end -8.07 3.6) (layer F.SilkS) (width 0.12))
    (fp_line (start -8.07 3.6) (end -7.045 3.6) (layer F.SilkS) (width 0.12))
    (fp_line (start -7.045 3.6) (end -7.045 3.06) (layer F.SilkS) (width 0.12))
    (fp_line (start -4.89 -0.91) (end -4.065 -0.91) (layer F.SilkS) (width 0.12))
    (fp_line (start -4.065 -0.91) (end -4.065 -2.71) (layer F.SilkS) (width 0.12))
    (fp_line (start 4.065 -0.91) (end 4.89 -0.91) (layer F.SilkS) (width 0.12))
    (fp_line (start -8.46 -3.3) (end -8.46 7) (layer F.CrtYd) (width 0.05))
    (fp_line (start -8.46 7) (end 8.46 7) (layer F.CrtYd) (width 0.05))
    (fp_line (start 8.46 7) (end 8.46 -3.3) (layer F.CrtYd) (width 0.05))
    (fp_line (start 8.46 -3.3) (end -8.46 -3.3) (layer F.CrtYd) (width 0.05))
    (fp_text user %R (at 0 1.9 180) (layer F.Fab)
      (effects (font (size 1 1) (thickness 0.15)))
    )
    (pad 1 smd rect (at -3.5 -1.8 180) (size 0.61 2) (layers F.Cu F.Paste F.Mask)
      (net 4 +5V))
    (pad 2 smd rect (at -2.5 -1.8 180) (size 0.61 2) (layers F.Cu F.Paste F.Mask)
      (net 1 GND))
    (pad 3 smd rect (at -1.5 -1.8 180) (size 0.61 2) (layers F.Cu F.Paste F.Mask)
      (net 67 SPI1_SCK))
    (pad 4 smd rect (at -0.5 -1.8 180) (size 0.61 2) (layers F.Cu F.Paste F.Mask)
      (net 68 SPI1_MISO))
    (pad 5 smd rect (at 0.5 -1.8 180) (size 0.61 2) (layers F.Cu F.Paste F.Mask)
      (net 69 SPI1_MOSI))
    (pad 6 smd rect (at 1.5 -1.8 180) (size 0.61 2) (layers F.Cu F.Paste F.Mask)
      (net 70 I2C_SCL))
    (pad 7 smd rect (at 2.5 -1.8 180) (size 0.61 2) (layers F.Cu F.Paste F.Mask)
      (net 71 I2C_SDA))
    (pad 8 smd rect (at 3.5 -1.8 180) (size 0.61 2) (layers F.Cu F.Paste F.Mask)
      (net 66 "Net-(J10-Pad8)"))
    (pad MP smd rect (at -6.49 1 180) (size 2.68 3.6) (layers F.Cu F.Paste F.Mask))
    (pad MP smd rect (at 6.49 1 180) (size 2.68 3.6) (layers F.Cu F.Paste F.Mask))
    (model ${KISYS3DMOD}/Connector_FFC-FPC.3dshapes/TE_84952-8_1x08-1MP_P1.0mm_Horizontal.wrl
      (at (xyz 0 0 0))
      (scale (xyz 1 1 1))
      (rotate (xyz 0 0 0))
    )
  )

  (module Capacitor_SMD:C_0805_2012Metric_Pad1.15x1.40mm_HandSolder (layer F.Cu) (tedit 5B36C52B) (tstamp 5BDBEA53)
    (at 18.025 52 180)
    (descr "Capacitor SMD 0805 (2012 Metric), square (rectangular) end terminal, IPC_7351 nominal with elongated pad for handsoldering. (Body size source: https://docs.google.com/spreadsheets/d/1BsfQQcO9C6DZCsRaXUlFlo91Tg2WpOkGARC1WS5S8t0/edit?usp=sharing), generated with kicad-footprint-generator")
    (tags "capacitor handsolder")
    (path /5BCE47B4/5BCE8DB1)
    (attr smd)
    (fp_text reference C18 (at 0 -1.65 180) (layer F.SilkS)
      (effects (font (size 1 1) (thickness 0.15)))
    )
    (fp_text value C104 (at 0 1.65 180) (layer F.Fab)
      (effects (font (size 1 1) (thickness 0.15)))
    )
    (fp_text user %R (at 0 0 180) (layer F.Fab)
      (effects (font (size 0.5 0.5) (thickness 0.08)))
    )
    (fp_line (start 1.85 0.95) (end -1.85 0.95) (layer F.CrtYd) (width 0.05))
    (fp_line (start 1.85 -0.95) (end 1.85 0.95) (layer F.CrtYd) (width 0.05))
    (fp_line (start -1.85 -0.95) (end 1.85 -0.95) (layer F.CrtYd) (width 0.05))
    (fp_line (start -1.85 0.95) (end -1.85 -0.95) (layer F.CrtYd) (width 0.05))
    (fp_line (start -0.261252 0.71) (end 0.261252 0.71) (layer F.SilkS) (width 0.12))
    (fp_line (start -0.261252 -0.71) (end 0.261252 -0.71) (layer F.SilkS) (width 0.12))
    (fp_line (start 1 0.6) (end -1 0.6) (layer F.Fab) (width 0.1))
    (fp_line (start 1 -0.6) (end 1 0.6) (layer F.Fab) (width 0.1))
    (fp_line (start -1 -0.6) (end 1 -0.6) (layer F.Fab) (width 0.1))
    (fp_line (start -1 0.6) (end -1 -0.6) (layer F.Fab) (width 0.1))
    (pad 2 smd roundrect (at 1.025 0 180) (size 1.15 1.4) (layers F.Cu F.Paste F.Mask) (roundrect_rratio 0.217391)
      (net 55 "Net-(C18-Pad2)"))
    (pad 1 smd roundrect (at -1.025 0 180) (size 1.15 1.4) (layers F.Cu F.Paste F.Mask) (roundrect_rratio 0.217391)
      (net 1 GND))
    (model ${KISYS3DMOD}/Capacitor_SMD.3dshapes/C_0805_2012Metric.wrl
      (at (xyz 0 0 0))
      (scale (xyz 1 1 1))
      (rotate (xyz 0 0 0))
    )
  )

  (module Capacitor_SMD:C_0805_2012Metric_Pad1.15x1.40mm_HandSolder (layer F.Cu) (tedit 5B36C52B) (tstamp 5BDD288E)
    (at 19.05 27.178)
    (descr "Capacitor SMD 0805 (2012 Metric), square (rectangular) end terminal, IPC_7351 nominal with elongated pad for handsoldering. (Body size source: https://docs.google.com/spreadsheets/d/1BsfQQcO9C6DZCsRaXUlFlo91Tg2WpOkGARC1WS5S8t0/edit?usp=sharing), generated with kicad-footprint-generator")
    (tags "capacitor handsolder")
    (path /5BCE47B4/5BCE86C7)
    (attr smd)
    (fp_text reference C17 (at 0 -1.65) (layer F.SilkS)
      (effects (font (size 1 1) (thickness 0.15)))
    )
    (fp_text value C104 (at 0 1.65) (layer F.Fab)
      (effects (font (size 1 1) (thickness 0.15)))
    )
    (fp_line (start -1 0.6) (end -1 -0.6) (layer F.Fab) (width 0.1))
    (fp_line (start -1 -0.6) (end 1 -0.6) (layer F.Fab) (width 0.1))
    (fp_line (start 1 -0.6) (end 1 0.6) (layer F.Fab) (width 0.1))
    (fp_line (start 1 0.6) (end -1 0.6) (layer F.Fab) (width 0.1))
    (fp_line (start -0.261252 -0.71) (end 0.261252 -0.71) (layer F.SilkS) (width 0.12))
    (fp_line (start -0.261252 0.71) (end 0.261252 0.71) (layer F.SilkS) (width 0.12))
    (fp_line (start -1.85 0.95) (end -1.85 -0.95) (layer F.CrtYd) (width 0.05))
    (fp_line (start -1.85 -0.95) (end 1.85 -0.95) (layer F.CrtYd) (width 0.05))
    (fp_line (start 1.85 -0.95) (end 1.85 0.95) (layer F.CrtYd) (width 0.05))
    (fp_line (start 1.85 0.95) (end -1.85 0.95) (layer F.CrtYd) (width 0.05))
    (fp_text user %R (at 0 0) (layer F.Fab)
      (effects (font (size 0.5 0.5) (thickness 0.08)))
    )
    (pad 1 smd roundrect (at -1.025 0) (size 1.15 1.4) (layers F.Cu F.Paste F.Mask) (roundrect_rratio 0.217391)
      (net 1 GND))
    (pad 2 smd roundrect (at 1.025 0) (size 1.15 1.4) (layers F.Cu F.Paste F.Mask) (roundrect_rratio 0.217391)
      (net 4 +5V))
    (model ${KISYS3DMOD}/Capacitor_SMD.3dshapes/C_0805_2012Metric.wrl
      (at (xyz 0 0 0))
      (scale (xyz 1 1 1))
      (rotate (xyz 0 0 0))
    )
  )

  (module Capacitor_SMD:C_0805_2012Metric_Pad1.15x1.40mm_HandSolder (layer F.Cu) (tedit 5B36C52B) (tstamp 5BDBEA31)
    (at 9 53.025 270)
    (descr "Capacitor SMD 0805 (2012 Metric), square (rectangular) end terminal, IPC_7351 nominal with elongated pad for handsoldering. (Body size source: https://docs.google.com/spreadsheets/d/1BsfQQcO9C6DZCsRaXUlFlo91Tg2WpOkGARC1WS5S8t0/edit?usp=sharing), generated with kicad-footprint-generator")
    (tags "capacitor handsolder")
    (path /5BCE47B4/5BCE722E)
    (attr smd)
    (fp_text reference C15 (at 0 -1.65 270) (layer F.SilkS)
      (effects (font (size 1 1) (thickness 0.15)))
    )
    (fp_text value C104 (at 0 1.65 270) (layer F.Fab)
      (effects (font (size 1 1) (thickness 0.15)))
    )
    (fp_text user %R (at 0 0 270) (layer F.Fab)
      (effects (font (size 0.5 0.5) (thickness 0.08)))
    )
    (fp_line (start 1.85 0.95) (end -1.85 0.95) (layer F.CrtYd) (width 0.05))
    (fp_line (start 1.85 -0.95) (end 1.85 0.95) (layer F.CrtYd) (width 0.05))
    (fp_line (start -1.85 -0.95) (end 1.85 -0.95) (layer F.CrtYd) (width 0.05))
    (fp_line (start -1.85 0.95) (end -1.85 -0.95) (layer F.CrtYd) (width 0.05))
    (fp_line (start -0.261252 0.71) (end 0.261252 0.71) (layer F.SilkS) (width 0.12))
    (fp_line (start -0.261252 -0.71) (end 0.261252 -0.71) (layer F.SilkS) (width 0.12))
    (fp_line (start 1 0.6) (end -1 0.6) (layer F.Fab) (width 0.1))
    (fp_line (start 1 -0.6) (end 1 0.6) (layer F.Fab) (width 0.1))
    (fp_line (start -1 -0.6) (end 1 -0.6) (layer F.Fab) (width 0.1))
    (fp_line (start -1 0.6) (end -1 -0.6) (layer F.Fab) (width 0.1))
    (pad 2 smd roundrect (at 1.025 0 270) (size 1.15 1.4) (layers F.Cu F.Paste F.Mask) (roundrect_rratio 0.217391)
      (net 65 "Net-(C15-Pad2)"))
    (pad 1 smd roundrect (at -1.025 0 270) (size 1.15 1.4) (layers F.Cu F.Paste F.Mask) (roundrect_rratio 0.217391)
      (net 54 "Net-(C15-Pad1)"))
    (model ${KISYS3DMOD}/Capacitor_SMD.3dshapes/C_0805_2012Metric.wrl
      (at (xyz 0 0 0))
      (scale (xyz 1 1 1))
      (rotate (xyz 0 0 0))
    )
  )

  (module Capacitor_SMD:C_0805_2012Metric_Pad1.15x1.40mm_HandSolder (layer F.Cu) (tedit 5B36C52B) (tstamp 5BDBEA20)
    (at 8.975 60)
    (descr "Capacitor SMD 0805 (2012 Metric), square (rectangular) end terminal, IPC_7351 nominal with elongated pad for handsoldering. (Body size source: https://docs.google.com/spreadsheets/d/1BsfQQcO9C6DZCsRaXUlFlo91Tg2WpOkGARC1WS5S8t0/edit?usp=sharing), generated with kicad-footprint-generator")
    (tags "capacitor handsolder")
    (path /5BCE47B4/5BCE7274)
    (attr smd)
    (fp_text reference C16 (at 0 -1.65) (layer F.SilkS)
      (effects (font (size 1 1) (thickness 0.15)))
    )
    (fp_text value C104 (at 0 1.65) (layer F.Fab)
      (effects (font (size 1 1) (thickness 0.15)))
    )
    (fp_line (start -1 0.6) (end -1 -0.6) (layer F.Fab) (width 0.1))
    (fp_line (start -1 -0.6) (end 1 -0.6) (layer F.Fab) (width 0.1))
    (fp_line (start 1 -0.6) (end 1 0.6) (layer F.Fab) (width 0.1))
    (fp_line (start 1 0.6) (end -1 0.6) (layer F.Fab) (width 0.1))
    (fp_line (start -0.261252 -0.71) (end 0.261252 -0.71) (layer F.SilkS) (width 0.12))
    (fp_line (start -0.261252 0.71) (end 0.261252 0.71) (layer F.SilkS) (width 0.12))
    (fp_line (start -1.85 0.95) (end -1.85 -0.95) (layer F.CrtYd) (width 0.05))
    (fp_line (start -1.85 -0.95) (end 1.85 -0.95) (layer F.CrtYd) (width 0.05))
    (fp_line (start 1.85 -0.95) (end 1.85 0.95) (layer F.CrtYd) (width 0.05))
    (fp_line (start 1.85 0.95) (end -1.85 0.95) (layer F.CrtYd) (width 0.05))
    (fp_text user %R (at 0 0) (layer F.Fab)
      (effects (font (size 0.5 0.5) (thickness 0.08)))
    )
    (pad 1 smd roundrect (at -1.025 0) (size 1.15 1.4) (layers F.Cu F.Paste F.Mask) (roundrect_rratio 0.217391)
      (net 57 "Net-(C16-Pad1)"))
    (pad 2 smd roundrect (at 1.025 0) (size 1.15 1.4) (layers F.Cu F.Paste F.Mask) (roundrect_rratio 0.217391)
      (net 58 "Net-(C16-Pad2)"))
    (model ${KISYS3DMOD}/Capacitor_SMD.3dshapes/C_0805_2012Metric.wrl
      (at (xyz 0 0 0))
      (scale (xyz 1 1 1))
      (rotate (xyz 0 0 0))
    )
  )

  (module footprint-lib:SOP-16_4.4x10.4mm_Pitch1.27mm (layer F.Cu) (tedit 5BBD0C60) (tstamp 5BDBE4A7)
    (at 18 59)
    (descr "16-Lead Plastic Small Outline http://www.vishay.com/docs/49633/sg2098.pdf")
    (tags "SOP 1.27")
    (path /5BCE47B4/5BCEE512)
    (attr smd)
    (fp_text reference U5 (at 0 -6.2) (layer F.SilkS)
      (effects (font (size 1 1) (thickness 0.15)))
    )
    (fp_text value SP3232EEN (at 0 6.1) (layer F.Fab)
      (effects (font (size 1 1) (thickness 0.15)))
    )
