(kicad_pcb (version 20171130) (host pcbnew 5.0.1-33cea8e~68~ubuntu18.04.1)

  (general
    (thickness 1.6)
    (drawings 22)
    (tracks 1131)
    (zones 0)
    (modules 117)
    (nets 129)
  )

  (page A4 portrait)
  (layers
    (0 F.Cu signal)
    (31 B.Cu signal)
    (32 B.Adhes user)
    (33 F.Adhes user)
    (34 B.Paste user)
    (35 F.Paste user)
    (36 B.SilkS user)
    (37 F.SilkS user)
    (38 B.Mask user)
    (39 F.Mask user)
    (40 Dwgs.User user)
    (41 Cmts.User user)
    (42 Eco1.User user)
    (43 Eco2.User user)
    (44 Edge.Cuts user)
    (45 Margin user)
    (46 B.CrtYd user)
    (47 F.CrtYd user)
    (48 B.Fab user)
    (49 F.Fab user)
  )

  (setup
    (last_trace_width 0.25)
    (trace_clearance 0.2)
    (zone_clearance 1)
    (zone_45_only no)
    (trace_min 0.25)
    (segment_width 1)
    (edge_width 1)
    (via_size 1)
    (via_drill 0.4)
    (via_min_size 0.4)
    (via_min_drill 0.3)
    (uvia_size 0.3)
    (uvia_drill 0.1)
    (uvias_allowed no)
    (uvia_min_size 0.2)
    (uvia_min_drill 0.1)
    (pcb_text_width 0.3)
    (pcb_text_size 1.5 1.5)
    (mod_edge_width 0.15)
    (mod_text_size 1 1)
    (mod_text_width 0.15)
    (pad_size 3.2 3.2)
    (pad_drill 3.2)
    (pad_to_mask_clearance 0.2)
    (solder_mask_min_width 0.25)
    (aux_axis_origin 0 0)
    (grid_origin 125.476 24.13)
    (visible_elements FFFFFFFF)
    (pcbplotparams
      (layerselection 0x00000_fffffffe)
      (usegerberextensions true)
      (usegerberattributes false)
      (usegerberadvancedattributes false)
      (creategerberjobfile false)
      (excludeedgelayer false)
      (linewidth 0.020000)
      (plotframeref false)
      (viasonmask false)
      (mode 1)
      (useauxorigin false)
      (hpglpennumber 1)
      (hpglpenspeed 20)
      (hpglpendiameter 15.000000)
      (psnegative true)
      (psa4output false)
      (plotreference false)
      (plotvalue false)
      (plotinvisibletext false)
      (padsonsilk false)
      (subtractmaskfromsilk false)
      (outputformat 4)
      (mirror true)
      (drillshape 1)
      (scaleselection 1)
      (outputdirectory "_output/gerber/"))
  )

  (net 0 "")
  (net 1 /To_J1_P1)
  (net 2 /To_J1_P2)
  (net 3 /To_J1_P3)
  (net 4 /To_J1_P4)
  (net 5 /To_J1_P5)
  (net 6 /To_J1_P6)
  (net 7 /To_J1_P7)
  (net 8 /To_J1_P8)
  (net 9 /To_J1_P9)
  (net 10 /To_J1_P10)
  (net 11 /To_J1_P11)
  (net 12 /To_J1_P12)
  (net 13 /To_J1_P13)
  (net 14 /To_J1_P14)
  (net 15 /PWR_SOURCE_SSR_L_1)
  (net 16 /COMMON_N)
  (net 17 /SSR_PCB2_L_2)
  (net 18 /AQ2_SHIELD)
  (net 19 /AQ2_SENSOR)
  (net 20 /AQ2_5V)
  (net 21 /AQ2_GND)
  (net 22 /AQ1_SHIELD)
  (net 23 /AQ1_SENSOR)
  (net 24 /AQ1_5V)
  (net 25 /AQ1_GND)
  (net 26 /O3_1_SHIELD)
  (net 27 /O3_1_SENSOR)
  (net 28 /O3_1_24V)
  (net 29 /O3_1_GND)
  (net 30 /flow_sensor_shield)
  (net 31 /flow_sensor_%RH)
  (net 32 /flow_sensor_FLOW)
  (net 33 /flow_sensor_24V)
  (net 34 /flow_sensor_GND)
  (net 35 GND)
  (net 36 /220V_GND)
  (net 37 +5V)
  (net 38 "Net-(J18-Pad18)")
  (net 39 "Net-(J4-Pad7)")
  (net 40 /stm32_board/STM32_CORE/OSCOUT)
  (net 41 /stm32_board/STM32_CORE/OSCIN)
  (net 42 /stm32_board/STM32_CORE/RST)
  (net 43 /stm32_board/STM32_CORE/SWIO)
  (net 44 /stm32_board/STM32_CORE/SWIM)
  (net 45 /stm32_board/STM32_CORE/SWCLK)
  (net 46 +3V3)
  (net 47 "Net-(J28-Pad7)")
  (net 48 STM32_PMS7003S_SET)
  (net 49 STM32_PMS7003S_RXD)
  (net 50 STM32_PMS7003S_TXD)
  (net 51 STM32_PMS7003S_RESET)
  (net 52 PCB1_ALARM_COM)
  (net 53 /stm32_board/FAN_48V)
  (net 54 /stm32_board/FAN_RPM)
  (net 55 /stm32_board/FAN_PWM_OUTPUT)
  (net 56 VWS2812)
  (net 57 /stm32_board/WS2812_PWM_TERMINAL)
  (net 58 /stm32_board/SSR_CH1_OUTPUT1)
  (net 59 /stm32_board/SSR_CH1_OUTPUT2)
  (net 60 /stm32_board/SSR_CH2_OUTPUT2)
  (net 61 /stm32_board/SSR_CH2_OUTPUT1)
  (net 62 "Net-(C16-Pad1)")
  (net 63 "Net-(C19-Pad2)")
  (net 64 "Net-(C16-Pad2)")
  (net 65 "Net-(C17-Pad1)")
  (net 66 "Net-(C17-Pad2)")
  (net 67 "Net-(C20-Pad2)")
  (net 68 /stm32_board/rs232_level_switch/RS232-TX2)
  (net 69 /stm32_board/rs232_level_switch/RS232-RX2)
  (net 70 /stm32_board/rs232_level_switch/TTL-RX2)
  (net 71 /stm32_board/rs232_level_switch/TTL-TX2)
  (net 72 IONAIR-TTL-TX)
  (net 73 IONAIR-TTL-RX)
  (net 74 "Net-(J27-Pad3)")
  (net 75 /stm32_board/STM32_CORE/PA0)
  (net 76 /stm32_board/STM32_CORE/PA1)
  (net 77 /stm32_board/STM32_CORE/PA4)
  (net 78 STM32_WS2812_OUTPUT)
  (net 79 STM32_SSR2_OUTPUT)
  (net 80 STM32_SSR1_OUTPUT)
  (net 81 STM32_SSR-25-DA_OUTPUT)
  (net 82 /stm32_board/STM32_CORE/PA15)
  (net 83 SPI1_SCK)
  (net 84 SPI1_MISO)
  (net 85 SPI1_MOSI)
  (net 86 B2B_UART_TX)
  (net 87 B2B_UART_RX)
  (net 88 /stm32_board/STM32_CORE/PB8)
  (net 89 /stm32_board/STM32_CORE/PB9)
  (net 90 /stm32_board/STM32_CORE/PC13)
  (net 91 "Net-(J24-Pad14)")
  (net 92 STM32_FAN_RPM)
  (net 93 /stm32_board/STM32_CORE/PB13)
  (net 94 /stm32_board/STM32_CORE/PB14)
  (net 95 /stm32_board/STM32_CORE/PB15)
  (net 96 STM32_FAN_PWM_OUTPUT)
  (net 97 /stm32_board/STM32_CORE/PA9)
  (net 98 /stm32_board/STM32_CORE/PA10)
  (net 99 "Net-(J26-Pad10)")
  (net 100 "Net-(J26-Pad11)")
  (net 101 "Net-(J26-Pad12)")
  (net 102 "Net-(Q2-Pad3)")
  (net 103 "Net-(R10-Pad2)")
  (net 104 "Net-(R9-Pad2)")
  (net 105 "Net-(Q1-Pad3)")
  (net 106 /stm32_board/STM32_CORE/PC14)
  (net 107 /stm32_board/STM32_CORE/PC15)
  (net 108 "Net-(D3-Pad1)")
  (net 109 "Net-(BOOT2-Pad2)")
  (net 110 /stm32_board/STM32_CORE/BOOT1)
  (net 111 "Net-(Q3-Pad1)")
  (net 112 "Net-(D6-Pad1)")
  (net 113 /stm32_board/STM32_CORE/RESET)
  (net 114 "Net-(D9-Pad2)")
  (net 115 "Net-(D8-Pad2)")
  (net 116 "Net-(D7-Pad1)")
  (net 117 "Net-(Q2-Pad1)")
  (net 118 "Net-(Q4-Pad1)")
  (net 119 "Net-(Q1-Pad1)")
  (net 120 "Net-(D5-Pad2)")
  (net 121 /stm32_board/STM32_CORE/BOOT0)
  (net 122 "Net-(BOOT1-Pad2)")
  (net 123 "Net-(D2-Pad1)")
  (net 124 "Net-(D1-Pad1)")
  (net 125 SSR-25-DA_P)
  (net 126 SSR-25-DA_N)
  (net 127 IONAIR_RX)
  (net 128 IONAIR_TX)

  (net_class Default "This is the default net class."
    (clearance 0.2)
    (trace_width 0.25)
    (via_dia 1)
    (via_drill 0.4)
    (uvia_dia 0.3)
    (uvia_drill 0.1)
    (diff_pair_gap 0.25)
    (diff_pair_width 1)
    (add_net +3V3)
    (add_net /stm32_board/FAN_48V)
    (add_net /stm32_board/FAN_PWM_OUTPUT)
    (add_net /stm32_board/FAN_RPM)
    (add_net /stm32_board/SSR_CH1_OUTPUT1)
    (add_net /stm32_board/SSR_CH1_OUTPUT2)
    (add_net /stm32_board/SSR_CH2_OUTPUT1)
    (add_net /stm32_board/SSR_CH2_OUTPUT2)
    (add_net /stm32_board/STM32_CORE/BOOT0)
    (add_net /stm32_board/STM32_CORE/BOOT1)
    (add_net /stm32_board/STM32_CORE/OSCIN)
    (add_net /stm32_board/STM32_CORE/OSCOUT)
    (add_net /stm32_board/STM32_CORE/PA0)
    (add_net /stm32_board/STM32_CORE/PA1)
    (add_net /stm32_board/STM32_CORE/PA10)
    (add_net /stm32_board/STM32_CORE/PA15)
    (add_net /stm32_board/STM32_CORE/PA4)
    (add_net /stm32_board/STM32_CORE/PA9)
    (add_net /stm32_board/STM32_CORE/PB13)
    (add_net /stm32_board/STM32_CORE/PB14)
    (add_net /stm32_board/STM32_CORE/PB15)
    (add_net /stm32_board/STM32_CORE/PB8)
    (add_net /stm32_board/STM32_CORE/PB9)
    (add_net /stm32_board/STM32_CORE/PC13)
    (add_net /stm32_board/STM32_CORE/PC14)
    (add_net /stm32_board/STM32_CORE/PC15)
    (add_net /stm32_board/STM32_CORE/RESET)
    (add_net /stm32_board/STM32_CORE/RST)
    (add_net /stm32_board/STM32_CORE/SWCLK)
    (add_net /stm32_board/STM32_CORE/SWIM)
    (add_net /stm32_board/STM32_CORE/SWIO)
    (add_net /stm32_board/WS2812_PWM_TERMINAL)
    (add_net /stm32_board/rs232_level_switch/RS232-RX2)
    (add_net /stm32_board/rs232_level_switch/RS232-TX2)
    (add_net /stm32_board/rs232_level_switch/TTL-RX2)
    (add_net /stm32_board/rs232_level_switch/TTL-TX2)
    (add_net B2B_UART_RX)
    (add_net B2B_UART_TX)
    (add_net IONAIR-TTL-RX)
    (add_net IONAIR-TTL-TX)
    (add_net IONAIR_RX)
    (add_net IONAIR_TX)
    (add_net "Net-(BOOT1-Pad2)")
    (add_net "Net-(BOOT2-Pad2)")
    (add_net "Net-(C16-Pad1)")
    (add_net "Net-(C16-Pad2)")
    (add_net "Net-(C17-Pad1)")
    (add_net "Net-(C17-Pad2)")
    (add_net "Net-(C19-Pad2)")
    (add_net "Net-(C20-Pad2)")
    (add_net "Net-(D1-Pad1)")
    (add_net "Net-(D2-Pad1)")
    (add_net "Net-(D3-Pad1)")
    (add_net "Net-(D5-Pad2)")
    (add_net "Net-(D6-Pad1)")
    (add_net "Net-(D7-Pad1)")
    (add_net "Net-(D8-Pad2)")
    (add_net "Net-(D9-Pad2)")
    (add_net "Net-(J24-Pad14)")
    (add_net "Net-(J26-Pad10)")
    (add_net "Net-(J26-Pad11)")
    (add_net "Net-(J26-Pad12)")
    (add_net "Net-(J27-Pad3)")
    (add_net "Net-(J28-Pad7)")
    (add_net "Net-(Q1-Pad1)")
    (add_net "Net-(Q1-Pad3)")
    (add_net "Net-(Q2-Pad1)")
    (add_net "Net-(Q2-Pad3)")
    (add_net "Net-(Q3-Pad1)")
    (add_net "Net-(Q4-Pad1)")
    (add_net "Net-(R10-Pad2)")
    (add_net "Net-(R9-Pad2)")
    (add_net PCB1_ALARM_COM)
    (add_net SPI1_MISO)
    (add_net SPI1_MOSI)
    (add_net SPI1_SCK)
    (add_net SSR-25-DA_N)
    (add_net SSR-25-DA_P)
    (add_net STM32_FAN_PWM_OUTPUT)
    (add_net STM32_FAN_RPM)
    (add_net STM32_PMS7003S_RESET)
    (add_net STM32_PMS7003S_RXD)
    (add_net STM32_PMS7003S_SET)
    (add_net STM32_PMS7003S_TXD)
    (add_net STM32_SSR-25-DA_OUTPUT)
    (add_net STM32_SSR1_OUTPUT)
    (add_net STM32_SSR2_OUTPUT)
    (add_net STM32_WS2812_OUTPUT)
    (add_net VWS2812)
  )

  (net_class "1 mil" ""
    (clearance 0.25)
    (trace_width 1)
    (via_dia 1.3)
    (via_drill 0.4)
    (uvia_dia 0.3)
    (uvia_drill 0.1)
    (diff_pair_gap 0.25)
    (diff_pair_width 1)
    (add_net /AQ1_5V)
    (add_net /AQ1_GND)
    (add_net /AQ1_SENSOR)
    (add_net /AQ1_SHIELD)
    (add_net /AQ2_5V)
    (add_net /AQ2_GND)
    (add_net /AQ2_SENSOR)
    (add_net /AQ2_SHIELD)
    (add_net /O3_1_24V)
    (add_net /O3_1_GND)
    (add_net /O3_1_SENSOR)
    (add_net /O3_1_SHIELD)
    (add_net /To_J1_P1)
    (add_net /To_J1_P10)
    (add_net /To_J1_P11)
    (add_net /To_J1_P12)
    (add_net /To_J1_P13)
    (add_net /To_J1_P14)
    (add_net /To_J1_P2)
    (add_net /To_J1_P3)
    (add_net /To_J1_P4)
    (add_net /To_J1_P5)
    (add_net /To_J1_P6)
    (add_net /To_J1_P7)
    (add_net /To_J1_P8)
    (add_net /To_J1_P9)
    (add_net /flow_sensor_%RH)
    (add_net /flow_sensor_24V)
    (add_net /flow_sensor_FLOW)
    (add_net /flow_sensor_GND)
    (add_net /flow_sensor_shield)
    (add_net "Net-(J18-Pad18)")
    (add_net "Net-(J4-Pad7)")
  )

  (net_class 220V ""
    (clearance 2)
    (trace_width 4)
    (via_dia 4)
    (via_drill 0.4)
    (uvia_dia 0.3)
    (uvia_drill 0.1)
    (diff_pair_gap 0.25)
    (diff_pair_width 1)
    (add_net /220V_GND)
    (add_net /COMMON_N)
    (add_net /PWR_SOURCE_SSR_L_1)
    (add_net /SSR_PCB2_L_2)
  )

  (net_class PWR_GND ""
    (clearance 0.25)
    (trace_width 1.5)
    (via_dia 2)
    (via_drill 0.4)
    (uvia_dia 0.3)
    (uvia_drill 0.1)
    (diff_pair_gap 0.25)
    (diff_pair_width 1)
    (add_net +5V)
    (add_net GND)
  )

  (module Button_Switch_SMD:SW_SPST_PTS645 (layer F.Cu) (tedit 5A02FC95) (tstamp 5BEF48D1)
    (at 297.866 47.860001)
    (descr "C&K Components SPST SMD PTS645 Series 6mm Tact Switch")
    (tags "SPST Button Switch")
    (path /5BEEE39B/5BCB6FA2/5BCDA0C8)
    (attr smd)
    (fp_text reference SW1 (at 0 -4.05) (layer F.SilkS)
      (effects (font (size 1 1) (thickness 0.15)))
    )
    (fp_text value SW_Push (at 0 4.15) (layer F.Fab)
      (effects (font (size 1 1) (thickness 0.15)))
    )
    (fp_text user %R (at 0 -4.05) (layer F.Fab)
      (effects (font (size 1 1) (thickness 0.15)))
    )
    (fp_line (start -3 -3) (end -3 3) (layer F.Fab) (width 0.1))
    (fp_line (start -3 3) (end 3 3) (layer F.Fab) (width 0.1))
    (fp_line (start 3 3) (end 3 -3) (layer F.Fab) (width 0.1))
    (fp_line (start 3 -3) (end -3 -3) (layer F.Fab) (width 0.1))
    (fp_line (start 5.05 3.4) (end 5.05 -3.4) (layer F.CrtYd) (width 0.05))
    (fp_line (start -5.05 -3.4) (end -5.05 3.4) (layer F.CrtYd) (width 0.05))
    (fp_line (start -5.05 3.4) (end 5.05 3.4) (layer F.CrtYd) (width 0.05))
    (fp_line (start -5.05 -3.4) (end 5.05 -3.4) (layer F.CrtYd) (width 0.05))
    (fp_line (start 3.23 -3.23) (end 3.23 -3.2) (layer F.SilkS) (width 0.12))
    (fp_line (start 3.23 3.23) (end 3.23 3.2) (layer F.SilkS) (width 0.12))
    (fp_line (start -3.23 3.23) (end -3.23 3.2) (layer F.SilkS) (width 0.12))
    (fp_line (start -3.23 -3.2) (end -3.23 -3.23) (layer F.SilkS) (width 0.12))
    (fp_line (start 3.23 -1.3) (end 3.23 1.3) (layer F.SilkS) (width 0.12))
    (fp_line (start -3.23 -3.23) (end 3.23 -3.23) (layer F.SilkS) (width 0.12))
    (fp_line (start -3.23 -1.3) (end -3.23 1.3) (layer F.SilkS) (width 0.12))
    (fp_line (start -3.23 3.23) (end 3.23 3.23) (layer F.SilkS) (width 0.12))
    (fp_circle (center 0 0) (end 1.75 -0.05) (layer F.Fab) (width 0.1))
    (pad 2 smd rect (at -3.98 2.25) (size 1.55 1.3) (layers F.Cu F.Paste F.Mask)
      (net 113 /stm32_board/STM32_CORE/RESET))
    (pad 1 smd rect (at -3.98 -2.25) (size 1.55 1.3) (layers F.Cu F.Paste F.Mask)
      (net 35 GND))
    (pad 1 smd rect (at 3.98 -2.25) (size 1.55 1.3) (layers F.Cu F.Paste F.Mask)
      (net 35 GND))
    (pad 2 smd rect (at 3.98 2.25) (size 1.55 1.3) (layers F.Cu F.Paste F.Mask)
      (net 113 /stm32_board/STM32_CORE/RESET))
    (model ${KISYS3DMOD}/Button_Switch_SMD.3dshapes/SW_SPST_PTS645.wrl
      (at (xyz 0 0 0))
      (scale (xyz 1 1 1))
      (rotate (xyz 0 0 0))
    )
  )

  (module Capacitor_SMD:CP_Elec_10x10.5 (layer F.Cu) (tedit 5A841F9D) (tstamp 5BEF48B7)
    (at 279.676 -61.37)
    (descr "SMT capacitor, aluminium electrolytic, 10x10, Vishay 1010 http://www.vishay.com/docs/28395/150crz.pdf")
    (tags "Capacitor Electrolytic")
    (path /5BEEE39B/5BCB6FA2/5BD81A30)
    (attr smd)
    (fp_text reference C7 (at 0 -6.3) (layer F.SilkS)
      (effects (font (size 1 1) (thickness 0.15)))
    )
    (fp_text value CP220uf,50V (at 0 6.3) (layer F.Fab)
      (effects (font (size 1 1) (thickness 0.15)))
    )
    (fp_text user %R (at 0 0) (layer F.Fab)
      (effects (font (size 1 1) (thickness 0.15)))
    )
    (fp_line (start -6.65 1.5) (end -5.5 1.5) (layer F.CrtYd) (width 0.05))
    (fp_line (start -6.65 -1.5) (end -6.65 1.5) (layer F.CrtYd) (width 0.05))
    (fp_line (start -5.5 -1.5) (end -6.65 -1.5) (layer F.CrtYd) (width 0.05))
    (fp_line (start -5.5 1.5) (end -5.5 4.35) (layer F.CrtYd) (width 0.05))
    (fp_line (start -5.5 -4.35) (end -5.5 -1.5) (layer F.CrtYd) (width 0.05))
    (fp_line (start -5.5 -4.35) (end -4.35 -5.5) (layer F.CrtYd) (width 0.05))
    (fp_line (start -5.5 4.35) (end -4.35 5.5) (layer F.CrtYd) (width 0.05))
    (fp_line (start -4.35 -5.5) (end 5.5 -5.5) (layer F.CrtYd) (width 0.05))
    (fp_line (start -4.35 5.5) (end 5.5 5.5) (layer F.CrtYd) (width 0.05))
    (fp_line (start 5.5 1.5) (end 5.5 5.5) (layer F.CrtYd) (width 0.05))
    (fp_line (start 6.65 1.5) (end 5.5 1.5) (layer F.CrtYd) (width 0.05))
    (fp_line (start 6.65 -1.5) (end 6.65 1.5) (layer F.CrtYd) (width 0.05))
    (fp_line (start 5.5 -1.5) (end 6.65 -1.5) (layer F.CrtYd) (width 0.05))
    (fp_line (start 5.5 -5.5) (end 5.5 -1.5) (layer F.CrtYd) (width 0.05))
    (fp_line (start -6.225 -3.385) (end -6.225 -2.135) (layer F.SilkS) (width 0.12))
    (fp_line (start -6.85 -2.76) (end -5.6 -2.76) (layer F.SilkS) (width 0.12))
    (fp_line (start -5.36 4.295563) (end -4.295563 5.36) (layer F.SilkS) (width 0.12))
    (fp_line (start -5.36 -4.295563) (end -4.295563 -5.36) (layer F.SilkS) (width 0.12))
    (fp_line (start -5.36 -4.295563) (end -5.36 -1.51) (layer F.SilkS) (width 0.12))
    (fp_line (start -5.36 4.295563) (end -5.36 1.51) (layer F.SilkS) (width 0.12))
    (fp_line (start -4.295563 5.36) (end 5.36 5.36) (layer F.SilkS) (width 0.12))
    (fp_line (start -4.295563 -5.36) (end 5.36 -5.36) (layer F.SilkS) (width 0.12))
    (fp_line (start 5.36 -5.36) (end 5.36 -1.51) (layer F.SilkS) (width 0.12))
    (fp_line (start 5.36 5.36) (end 5.36 1.51) (layer F.SilkS) (width 0.12))
    (fp_line (start -4.058325 -2.2) (end -4.058325 -1.2) (layer F.Fab) (width 0.1))
    (fp_line (start -4.558325 -1.7) (end -3.558325 -1.7) (layer F.Fab) (width 0.1))
    (fp_line (start -5.25 4.25) (end -4.25 5.25) (layer F.Fab) (width 0.1))
    (fp_line (start -5.25 -4.25) (end -4.25 -5.25) (layer F.Fab) (width 0.1))
    (fp_line (start -5.25 -4.25) (end -5.25 4.25) (layer F.Fab) (width 0.1))
    (fp_line (start -4.25 5.25) (end 5.25 5.25) (layer F.Fab) (width 0.1))
    (fp_line (start -4.25 -5.25) (end 5.25 -5.25) (layer F.Fab) (width 0.1))
    (fp_line (start 5.25 -5.25) (end 5.25 5.25) (layer F.Fab) (width 0.1))
    (fp_circle (center 0 0) (end 5 0) (layer F.Fab) (width 0.1))
    (pad 2 smd rect (at 4.2 0) (size 4.4 2.5) (layers F.Cu F.Paste F.Mask)
      (net 35 GND))
    (pad 1 smd rect (at -4.2 0) (size 4.4 2.5) (layers F.Cu F.Paste F.Mask)
      (net 37 +5V))
    (model ${KISYS3DMOD}/Capacitor_SMD.3dshapes/CP_Elec_10x10.5.wrl
      (at (xyz 0 0 0))
      (scale (xyz 1 1 1))
      (rotate (xyz 0 0 0))
    )
  )

  (module Capacitor_SMD:CP_Elec_10x10.5 (layer F.Cu) (tedit 5A841F9D) (tstamp 5BEF488F)
    (at 447.776 -22.37 180)
    (descr "SMT capacitor, aluminium electrolytic, 10x10, Vishay 1010 http://www.vishay.com/docs/28395/150crz.pdf")
    (tags "Capacitor Electrolytic")
    (path /5BEEE39B/5BCB6CCE)
    (attr smd)
    (fp_text reference C1 (at 0 -6.3 180) (layer F.SilkS)
      (effects (font (size 1 1) (thickness 0.15)))
    )
    (fp_text value CP1000uf,10V (at 0 6.3 180) (layer F.Fab)
      (effects (font (size 1 1) (thickness 0.15)))
    )
    (fp_circle (center 0 0) (end 5 0) (layer F.Fab) (width 0.1))
    (fp_line (start 5.25 -5.25) (end 5.25 5.25) (layer F.Fab) (width 0.1))
    (fp_line (start -4.25 -5.25) (end 5.25 -5.25) (layer F.Fab) (width 0.1))
    (fp_line (start -4.25 5.25) (end 5.25 5.25) (layer F.Fab) (width 0.1))
    (fp_line (start -5.25 -4.25) (end -5.25 4.25) (layer F.Fab) (width 0.1))
    (fp_line (start -5.25 -4.25) (end -4.25 -5.25) (layer F.Fab) (width 0.1))
    (fp_line (start -5.25 4.25) (end -4.25 5.25) (layer F.Fab) (width 0.1))
    (fp_line (start -4.558325 -1.7) (end -3.558325 -1.7) (layer F.Fab) (width 0.1))
    (fp_line (start -4.058325 -2.2) (end -4.058325 -1.2) (layer F.Fab) (width 0.1))
    (fp_line (start 5.36 5.36) (end 5.36 1.51) (layer F.SilkS) (width 0.12))
    (fp_line (start 5.36 -5.36) (end 5.36 -1.51) (layer F.SilkS) (width 0.12))
    (fp_line (start -4.295563 -5.36) (end 5.36 -5.36) (layer F.SilkS) (width 0.12))
    (fp_line (start -4.295563 5.36) (end 5.36 5.36) (layer F.SilkS) (width 0.12))
    (fp_line (start -5.36 4.295563) (end -5.36 1.51) (layer F.SilkS) (width 0.12))
    (fp_line (start -5.36 -4.295563) (end -5.36 -1.51) (layer F.SilkS) (width 0.12))
    (fp_line (start -5.36 -4.295563) (end -4.295563 -5.36) (layer F.SilkS) (width 0.12))
    (fp_line (start -5.36 4.295563) (end -4.295563 5.36) (layer F.SilkS) (width 0.12))
    (fp_line (start -6.85 -2.76) (end -5.6 -2.76) (layer F.SilkS) (width 0.12))
    (fp_line (start -6.225 -3.385) (end -6.225 -2.135) (layer F.SilkS) (width 0.12))
    (fp_line (start 5.5 -5.5) (end 5.5 -1.5) (layer F.CrtYd) (width 0.05))
    (fp_line (start 5.5 -1.5) (end 6.65 -1.5) (layer F.CrtYd) (width 0.05))
    (fp_line (start 6.65 -1.5) (end 6.65 1.5) (layer F.CrtYd) (width 0.05))
    (fp_line (start 6.65 1.5) (end 5.5 1.5) (layer F.CrtYd) (width 0.05))
    (fp_line (start 5.5 1.5) (end 5.5 5.5) (layer F.CrtYd) (width 0.05))
    (fp_line (start -4.35 5.5) (end 5.5 5.5) (layer F.CrtYd) (width 0.05))
    (fp_line (start -4.35 -5.5) (end 5.5 -5.5) (layer F.CrtYd) (width 0.05))
    (fp_line (start -5.5 4.35) (end -4.35 5.5) (layer F.CrtYd) (width 0.05))
    (fp_line (start -5.5 -4.35) (end -4.35 -5.5) (layer F.CrtYd) (width 0.05))
    (fp_line (start -5.5 -4.35) (end -5.5 -1.5) (layer F.CrtYd) (width 0.05))
    (fp_line (start -5.5 1.5) (end -5.5 4.35) (layer F.CrtYd) (width 0.05))
    (fp_line (start -5.5 -1.5) (end -6.65 -1.5) (layer F.CrtYd) (width 0.05))
    (fp_line (start -6.65 -1.5) (end -6.65 1.5) (layer F.CrtYd) (width 0.05))
    (fp_line (start -6.65 1.5) (end -5.5 1.5) (layer F.CrtYd) (width 0.05))
    (fp_text user %R (at 0 0 180) (layer F.Fab)
      (effects (font (size 1 1) (thickness 0.15)))
    )
    (pad 1 smd rect (at -4.2 0 180) (size 4.4 2.5) (layers F.Cu F.Paste F.Mask)
      (net 56 VWS2812))
    (pad 2 smd rect (at 4.2 0 180) (size 4.4 2.5) (layers F.Cu F.Paste F.Mask)
      (net 35 GND))
    (model ${KISYS3DMOD}/Capacitor_SMD.3dshapes/CP_Elec_10x10.5.wrl
      (at (xyz 0 0 0))
      (scale (xyz 1 1 1))
      (rotate (xyz 0 0 0))
    )
  )

  (module Capacitor_SMD:CP_Elec_6.3x5.2 (layer F.Cu) (tedit 5B3026A2) (tstamp 5BEF4867)
    (at 357.886 57.539999 90)
    (descr "SMT capacitor, aluminium electrolytic, 6.3x5.2, United Chemi-Con ")
    (tags "Capacitor Electrolytic")
    (path /5BEEE39B/5BDCE0AC/5C005569)
    (attr smd)
    (fp_text reference C21 (at 0 -4.35 90) (layer F.SilkS)
      (effects (font (size 1 1) (thickness 0.15)))
    )
    (fp_text value CP100uf,10V (at 0 4.35 90) (layer F.Fab)
      (effects (font (size 1 1) (thickness 0.15)))
    )
    (fp_circle (center 0 0) (end 3.15 0) (layer F.Fab) (width 0.1))
    (fp_line (start 3.3 -3.3) (end 3.3 3.3) (layer F.Fab) (width 0.1))
    (fp_line (start -2.3 -3.3) (end 3.3 -3.3) (layer F.Fab) (width 0.1))
    (fp_line (start -2.3 3.3) (end 3.3 3.3) (layer F.Fab) (width 0.1))
    (fp_line (start -3.3 -2.3) (end -3.3 2.3) (layer F.Fab) (width 0.1))
    (fp_line (start -3.3 -2.3) (end -2.3 -3.3) (layer F.Fab) (width 0.1))
    (fp_line (start -3.3 2.3) (end -2.3 3.3) (layer F.Fab) (width 0.1))
    (fp_line (start -2.704838 -1.33) (end -2.074838 -1.33) (layer F.Fab) (width 0.1))
    (fp_line (start -2.389838 -1.645) (end -2.389838 -1.015) (layer F.Fab) (width 0.1))
    (fp_line (start 3.41 3.41) (end 3.41 1.06) (layer F.SilkS) (width 0.12))
    (fp_line (start 3.41 -3.41) (end 3.41 -1.06) (layer F.SilkS) (width 0.12))
    (fp_line (start -2.345563 -3.41) (end 3.41 -3.41) (layer F.SilkS) (width 0.12))
    (fp_line (start -2.345563 3.41) (end 3.41 3.41) (layer F.SilkS) (width 0.12))
    (fp_line (start -3.41 2.345563) (end -3.41 1.06) (layer F.SilkS) (width 0.12))
    (fp_line (start -3.41 -2.345563) (end -3.41 -1.06) (layer F.SilkS) (width 0.12))
    (fp_line (start -3.41 -2.345563) (end -2.345563 -3.41) (layer F.SilkS) (width 0.12))
    (fp_line (start -3.41 2.345563) (end -2.345563 3.41) (layer F.SilkS) (width 0.12))
    (fp_line (start -4.4375 -1.8475) (end -3.65 -1.8475) (layer F.SilkS) (width 0.12))
    (fp_line (start -4.04375 -2.24125) (end -4.04375 -1.45375) (layer F.SilkS) (width 0.12))
    (fp_line (start 3.55 -3.55) (end 3.55 -1.05) (layer F.CrtYd) (width 0.05))
    (fp_line (start 3.55 -1.05) (end 4.8 -1.05) (layer F.CrtYd) (width 0.05))
    (fp_line (start 4.8 -1.05) (end 4.8 1.05) (layer F.CrtYd) (width 0.05))
    (fp_line (start 4.8 1.05) (end 3.55 1.05) (layer F.CrtYd) (width 0.05))
    (fp_line (start 3.55 1.05) (end 3.55 3.55) (layer F.CrtYd) (width 0.05))
    (fp_line (start -2.4 3.55) (end 3.55 3.55) (layer F.CrtYd) (width 0.05))
    (fp_line (start -2.4 -3.55) (end 3.55 -3.55) (layer F.CrtYd) (width 0.05))
    (fp_line (start -3.55 2.4) (end -2.4 3.55) (layer F.CrtYd) (width 0.05))
    (fp_line (start -3.55 -2.4) (end -2.4 -3.55) (layer F.CrtYd) (width 0.05))
    (fp_line (start -3.55 -2.4) (end -3.55 -1.05) (layer F.CrtYd) (width 0.05))
    (fp_line (start -3.55 1.05) (end -3.55 2.4) (layer F.CrtYd) (width 0.05))
    (fp_line (start -3.55 -1.05) (end -4.8 -1.05) (layer F.CrtYd) (width 0.05))
    (fp_line (start -4.8 -1.05) (end -4.8 1.05) (layer F.CrtYd) (width 0.05))
    (fp_line (start -4.8 1.05) (end -3.55 1.05) (layer F.CrtYd) (width 0.05))
    (fp_text user %R (at 0 0 90) (layer F.Fab)
      (effects (font (size 1 1) (thickness 0.15)))
    )
    (pad 1 smd rect (at -2.8 0 90) (size 3.5 1.6) (layers F.Cu F.Paste F.Mask)
      (net 37 +5V))
    (pad 2 smd rect (at 2.8 0 90) (size 3.5 1.6) (layers F.Cu F.Paste F.Mask)
      (net 35 GND))
    (model ${KISYS3DMOD}/Capacitor_SMD.3dshapes/CP_Elec_6.3x5.2.wrl
      (at (xyz 0 0 0))
      (scale (xyz 1 1 1))
      (rotate (xyz 0 0 0))
    )
  )

  (module Capacitor_SMD:C_0603_1608Metric_Pad1.05x0.95mm_HandSolder (layer F.Cu) (tedit 5B301BBE) (tstamp 5BEF483F)
    (at 331.576 40.63 180)
    (descr "Capacitor SMD 0603 (1608 Metric), square (rectangular) end terminal, IPC_7351 nominal with elongated pad for handsoldering. (Body size source: http://www.tortai-tech.com/upload/download/2011102023233369053.pdf), generated with kicad-footprint-generator")
    (tags "capacitor handsolder")
    (path /5BEEE39B/5BCB6FA2/5BCBD860)
    (attr smd)
    (fp_text reference C4 (at 0 -1.43 180) (layer F.SilkS)
      (effects (font (size 1 1) (thickness 0.15)))
    )
    (fp_text value C104 (at 0 1.43 180) (layer F.Fab)
      (effects (font (size 1 1) (thickness 0.15)))
    )
    (fp_line (start -0.8 0.4) (end -0.8 -0.4) (layer F.Fab) (width 0.1))
    (fp_line (start -0.8 -0.4) (end 0.8 -0.4) (layer F.Fab) (width 0.1))
    (fp_line (start 0.8 -0.4) (end 0.8 0.4) (layer F.Fab) (width 0.1))
    (fp_line (start 0.8 0.4) (end -0.8 0.4) (layer F.Fab) (width 0.1))
    (fp_line (start -0.171267 -0.51) (end 0.171267 -0.51) (layer F.SilkS) (width 0.12))
    (fp_line (start -0.171267 0.51) (end 0.171267 0.51) (layer F.SilkS) (width 0.12))
    (fp_line (start -1.65 0.73) (end -1.65 -0.73) (layer F.CrtYd) (width 0.05))
    (fp_line (start -1.65 -0.73) (end 1.65 -0.73) (layer F.CrtYd) (width 0.05))
    (fp_line (start 1.65 -0.73) (end 1.65 0.73) (layer F.CrtYd) (width 0.05))
    (fp_line (start 1.65 0.73) (end -1.65 0.73) (layer F.CrtYd) (width 0.05))
    (fp_text user %R (at 0 0 180) (layer F.Fab)
      (effects (font (size 0.4 0.4) (thickness 0.06)))
    )
    (pad 1 smd roundrect (at -0.875 0 180) (size 1.05 0.95) (layers F.Cu F.Paste F.Mask) (roundrect_rratio 0.25)
      (net 46 +3V3))
    (pad 2 smd roundrect (at 0.875 0 180) (size 1.05 0.95) (layers F.Cu F.Paste F.Mask) (roundrect_rratio 0.25)
      (net 35 GND))
    (model ${KISYS3DMOD}/Capacitor_SMD.3dshapes/C_0603_1608Metric.wrl
      (at (xyz 0 0 0))
      (scale (xyz 1 1 1))
      (rotate (xyz 0 0 0))
    )
  )

  (module Capacitor_SMD:C_0603_1608Metric_Pad1.05x0.95mm_HandSolder (layer F.Cu) (tedit 5B301BBE) (tstamp 5BEF482E)
    (at 344.276 44.53 270)
    (descr "Capacitor SMD 0603 (1608 Metric), square (rectangular) end terminal, IPC_7351 nominal with elongated pad for handsoldering. (Body size source: http://www.tortai-tech.com/upload/download/2011102023233369053.pdf), generated with kicad-footprint-generator")
    (tags "capacitor handsolder")
    (path /5BEEE39B/5BCB6FA2/5BCBE306)
    (attr smd)
    (fp_text reference C6 (at 0 -1.43 270) (layer F.SilkS)
      (effects (font (size 1 1) (thickness 0.15)))
    )
    (fp_text value C104 (at 0 1.43 270) (layer F.Fab)
      (effects (font (size 1 1) (thickness 0.15)))
    )
    (fp_text user %R (at 0 0 270) (layer F.Fab)
      (effects (font (size 0.4 0.4) (thickness 0.06)))
    )
    (fp_line (start 1.65 0.73) (end -1.65 0.73) (layer F.CrtYd) (width 0.05))
    (fp_line (start 1.65 -0.73) (end 1.65 0.73) (layer F.CrtYd) (width 0.05))
    (fp_line (start -1.65 -0.73) (end 1.65 -0.73) (layer F.CrtYd) (width 0.05))
    (fp_line (start -1.65 0.73) (end -1.65 -0.73) (layer F.CrtYd) (width 0.05))
    (fp_line (start -0.171267 0.51) (end 0.171267 0.51) (layer F.SilkS) (width 0.12))
    (fp_line (start -0.171267 -0.51) (end 0.171267 -0.51) (layer F.SilkS) (width 0.12))
    (fp_line (start 0.8 0.4) (end -0.8 0.4) (layer F.Fab) (width 0.1))
    (fp_line (start 0.8 -0.4) (end 0.8 0.4) (layer F.Fab) (width 0.1))
    (fp_line (start -0.8 -0.4) (end 0.8 -0.4) (layer F.Fab) (width 0.1))
    (fp_line (start -0.8 0.4) (end -0.8 -0.4) (layer F.Fab) (width 0.1))
    (pad 2 smd roundrect (at 0.875 0 270) (size 1.05 0.95) (layers F.Cu F.Paste F.Mask) (roundrect_rratio 0.25)
      (net 35 GND))
    (pad 1 smd roundrect (at -0.875 0 270) (size 1.05 0.95) (layers F.Cu F.Paste F.Mask) (roundrect_rratio 0.25)
      (net 46 +3V3))
    (model ${KISYS3DMOD}/Capacitor_SMD.3dshapes/C_0603_1608Metric.wrl
      (at (xyz 0 0 0))
      (scale (xyz 1 1 1))
      (rotate (xyz 0 0 0))
    )
  )

  (module Capacitor_SMD:C_0603_1608Metric_Pad1.05x0.95mm_HandSolder (layer F.Cu) (tedit 5B301BBE) (tstamp 5BEF481D)
    (at 274.976 -28.67 180)
    (descr "Capacitor SMD 0603 (1608 Metric), square (rectangular) end terminal, IPC_7351 nominal with elongated pad for handsoldering. (Body size source: http://www.tortai-tech.com/upload/download/2011102023233369053.pdf), generated with kicad-footprint-generator")
    (tags "capacitor handsolder")
    (path /5BEEE39B/5BCB6FA2/5BD2B7D8)
    (attr smd)
    (fp_text reference C10 (at 0 -1.43 180) (layer F.SilkS)
      (effects (font (size 1 1) (thickness 0.15)))
    )
    (fp_text value C105 (at 0 1.43 180) (layer F.Fab)
      (effects (font (size 1 1) (thickness 0.15)))
    )
    (fp_line (start -0.8 0.4) (end -0.8 -0.4) (layer F.Fab) (width 0.1))
    (fp_line (start -0.8 -0.4) (end 0.8 -0.4) (layer F.Fab) (width 0.1))
    (fp_line (start 0.8 -0.4) (end 0.8 0.4) (layer F.Fab) (width 0.1))
    (fp_line (start 0.8 0.4) (end -0.8 0.4) (layer F.Fab) (width 0.1))
    (fp_line (start -0.171267 -0.51) (end 0.171267 -0.51) (layer F.SilkS) (width 0.12))
    (fp_line (start -0.171267 0.51) (end 0.171267 0.51) (layer F.SilkS) (width 0.12))
    (fp_line (start -1.65 0.73) (end -1.65 -0.73) (layer F.CrtYd) (width 0.05))
    (fp_line (start -1.65 -0.73) (end 1.65 -0.73) (layer F.CrtYd) (width 0.05))
    (fp_line (start 1.65 -0.73) (end 1.65 0.73) (layer F.CrtYd) (width 0.05))
    (fp_line (start 1.65 0.73) (end -1.65 0.73) (layer F.CrtYd) (width 0.05))
    (fp_text user %R (at 0 0 180) (layer F.Fab)
      (effects (font (size 0.4 0.4) (thickness 0.06)))
    )
    (pad 1 smd roundrect (at -0.875 0 180) (size 1.05 0.95) (layers F.Cu F.Paste F.Mask) (roundrect_rratio 0.25)
      (net 46 +3V3))
    (pad 2 smd roundrect (at 0.875 0 180) (size 1.05 0.95) (layers F.Cu F.Paste F.Mask) (roundrect_rratio 0.25)
      (net 35 GND))
    (model ${KISYS3DMOD}/Capacitor_SMD.3dshapes/C_0603_1608Metric.wrl
      (at (xyz 0 0 0))
      (scale (xyz 1 1 1))
      (rotate (xyz 0 0 0))
    )
  )

  (module Capacitor_SMD:C_0603_1608Metric_Pad1.05x0.95mm_HandSolder (layer F.Cu) (tedit 5B301BBE) (tstamp 5BEF480C)
    (at 304.066 47.66 90)
    (descr "Capacitor SMD 0603 (1608 Metric), square (rectangular) end terminal, IPC_7351 nominal with elongated pad for handsoldering. (Body size source: http://www.tortai-tech.com/upload/download/2011102023233369053.pdf), generated with kicad-footprint-generator")
    (tags "capacitor handsolder")
    (path /5BEEE39B/5BCB6FA2/5BCD9E3F)
    (attr smd)
    (fp_text reference C11 (at 0 -1.43 90) (layer F.SilkS)
      (effects (font (size 1 1) (thickness 0.15)))
    )
    (fp_text value C105 (at 0 1.43 90) (layer F.Fab)
      (effects (font (size 1 1) (thickness 0.15)))
    )
    (fp_text user %R (at 0 0 90) (layer F.Fab)
      (effects (font (size 0.4 0.4) (thickness 0.06)))
    )
    (fp_line (start 1.65 0.73) (end -1.65 0.73) (layer F.CrtYd) (width 0.05))
    (fp_line (start 1.65 -0.73) (end 1.65 0.73) (layer F.CrtYd) (width 0.05))
    (fp_line (start -1.65 -0.73) (end 1.65 -0.73) (layer F.CrtYd) (width 0.05))
    (fp_line (start -1.65 0.73) (end -1.65 -0.73) (layer F.CrtYd) (width 0.05))
    (fp_line (start -0.171267 0.51) (end 0.171267 0.51) (layer F.SilkS) (width 0.12))
    (fp_line (start -0.171267 -0.51) (end 0.171267 -0.51) (layer F.SilkS) (width 0.12))
    (fp_line (start 0.8 0.4) (end -0.8 0.4) (layer F.Fab) (width 0.1))
    (fp_line (start 0.8 -0.4) (end 0.8 0.4) (layer F.Fab) (width 0.1))
    (fp_line (start -0.8 -0.4) (end 0.8 -0.4) (layer F.Fab) (width 0.1))
    (fp_line (start -0.8 0.4) (end -0.8 -0.4) (layer F.Fab) (width 0.1))
    (pad 2 smd roundrect (at 0.875 0 90) (size 1.05 0.95) (layers F.Cu F.Paste F.Mask) (roundrect_rratio 0.25)
      (net 35 GND))
    (pad 1 smd roundrect (at -0.875 0 90) (size 1.05 0.95) (layers F.Cu F.Paste F.Mask) (roundrect_rratio 0.25)
      (net 113 /stm32_board/STM32_CORE/RESET))
    (model ${KISYS3DMOD}/Capacitor_SMD.3dshapes/C_0603_1608Metric.wrl
      (at (xyz 0 0 0))
      (scale (xyz 1 1 1))
      (rotate (xyz 0 0 0))
    )
  )

  (module Capacitor_SMD:C_0603_1608Metric_Pad1.05x0.95mm_HandSolder (layer F.Cu) (tedit 5B301BBE) (tstamp 5BEF47FB)
    (at 330.961001 9.885001)
    (descr "Capacitor SMD 0603 (1608 Metric), square (rectangular) end terminal, IPC_7351 nominal with elongated pad for handsoldering. (Body size source: http://www.tortai-tech.com/upload/download/2011102023233369053.pdf), generated with kicad-footprint-generator")
    (tags "capacitor handsolder")
    (path /5BEEE39B/5BCB6FA2/5BD956B7)
    (attr smd)
    (fp_text reference C2 (at 0 -1.43) (layer F.SilkS)
      (effects (font (size 1 1) (thickness 0.15)))
    )
    (fp_text value C104 (at 0 1.43) (layer F.Fab)
      (effects (font (size 1 1) (thickness 0.15)))
    )
    (fp_line (start -0.8 0.4) (end -0.8 -0.4) (layer F.Fab) (width 0.1))
    (fp_line (start -0.8 -0.4) (end 0.8 -0.4) (layer F.Fab) (width 0.1))
    (fp_line (start 0.8 -0.4) (end 0.8 0.4) (layer F.Fab) (width 0.1))
    (fp_line (start 0.8 0.4) (end -0.8 0.4) (layer F.Fab) (width 0.1))
    (fp_line (start -0.171267 -0.51) (end 0.171267 -0.51) (layer F.SilkS) (width 0.12))
    (fp_line (start -0.171267 0.51) (end 0.171267 0.51) (layer F.SilkS) (width 0.12))
    (fp_line (start -1.65 0.73) (end -1.65 -0.73) (layer F.CrtYd) (width 0.05))
    (fp_line (start -1.65 -0.73) (end 1.65 -0.73) (layer F.CrtYd) (width 0.05))
    (fp_line (start 1.65 -0.73) (end 1.65 0.73) (layer F.CrtYd) (width 0.05))
    (fp_line (start 1.65 0.73) (end -1.65 0.73) (layer F.CrtYd) (width 0.05))
    (fp_text user %R (at 0 0) (layer F.Fab)
      (effects (font (size 0.4 0.4) (thickness 0.06)))
    )
    (pad 1 smd roundrect (at -0.875 0) (size 1.05 0.95) (layers F.Cu F.Paste F.Mask) (roundrect_rratio 0.25)
      (net 46 +3V3))
    (pad 2 smd roundrect (at 0.875 0) (size 1.05 0.95) (layers F.Cu F.Paste F.Mask) (roundrect_rratio 0.25)
      (net 35 GND))
    (model ${KISYS3DMOD}/Capacitor_SMD.3dshapes/C_0603_1608Metric.wrl
      (at (xyz 0 0 0))
      (scale (xyz 1 1 1))
      (rotate (xyz 0 0 0))
    )
  )

  (module Capacitor_SMD:C_0603_1608Metric_Pad1.05x0.95mm_HandSolder (layer F.Cu) (tedit 5B301BBE) (tstamp 5BEF47EA)
    (at 335.876 33.13 90)
    (descr "Capacitor SMD 0603 (1608 Metric), square (rectangular) end terminal, IPC_7351 nominal with elongated pad for handsoldering. (Body size source: http://www.tortai-tech.com/upload/download/2011102023233369053.pdf), generated with kicad-footprint-generator")
    (tags "capacitor handsolder")
    (path /5BEEE39B/5BCB6FA2/5BCBC4D6)
    (attr smd)
    (fp_text reference C3 (at 0 -1.43 90) (layer F.SilkS)
      (effects (font (size 1 1) (thickness 0.15)))
    )
    (fp_text value C104 (at 0 1.43 90) (layer F.Fab)
      (effects (font (size 1 1) (thickness 0.15)))
    )
    (fp_text user %R (at 0 0 90) (layer F.Fab)
      (effects (font (size 0.4 0.4) (thickness 0.06)))
    )
    (fp_line (start 1.65 0.73) (end -1.65 0.73) (layer F.CrtYd) (width 0.05))
    (fp_line (start 1.65 -0.73) (end 1.65 0.73) (layer F.CrtYd) (width 0.05))
    (fp_line (start -1.65 -0.73) (end 1.65 -0.73) (layer F.CrtYd) (width 0.05))
    (fp_line (start -1.65 0.73) (end -1.65 -0.73) (layer F.CrtYd) (width 0.05))
    (fp_line (start -0.171267 0.51) (end 0.171267 0.51) (layer F.SilkS) (width 0.12))
    (fp_line (start -0.171267 -0.51) (end 0.171267 -0.51) (layer F.SilkS) (width 0.12))
    (fp_line (start 0.8 0.4) (end -0.8 0.4) (layer F.Fab) (width 0.1))
    (fp_line (start 0.8 -0.4) (end 0.8 0.4) (layer F.Fab) (width 0.1))
    (fp_line (start -0.8 -0.4) (end 0.8 -0.4) (layer F.Fab) (width 0.1))
    (fp_line (start -0.8 0.4) (end -0.8 -0.4) (layer F.Fab) (width 0.1))
    (pad 2 smd roundrect (at 0.875 0 90) (size 1.05 0.95) (layers F.Cu F.Paste F.Mask) (roundrect_rratio 0.25)
      (net 35 GND))
    (pad 1 smd roundrect (at -0.875 0 90) (size 1.05 0.95) (layers F.Cu F.Paste F.Mask) (roundrect_rratio 0.25)
      (net 46 +3V3))
    (model ${KISYS3DMOD}/Capacitor_SMD.3dshapes/C_0603_1608Metric.wrl
      (at (xyz 0 0 0))
      (scale (xyz 1 1 1))
      (rotate (xyz 0 0 0))
    )
  )

  (module Capacitor_SMD:C_0603_1608Metric_Pad1.05x0.95mm_HandSolder (layer F.Cu) (tedit 5B301BBE) (tstamp 5BEF47D9)
    (at 312.576 43.33 270)
    (descr "Capacitor SMD 0603 (1608 Metric), square (rectangular) end terminal, IPC_7351 nominal with elongated pad for handsoldering. (Body size source: http://www.tortai-tech.com/upload/download/2011102023233369053.pdf), generated with kicad-footprint-generator")
    (tags "capacitor handsolder")
    (path /5BEEE39B/5BCB6FA2/5BCC6C08)
    (attr smd)
    (fp_text reference C13 (at 0 -1.43 270) (layer F.SilkS)
      (effects (font (size 1 1) (thickness 0.15)))
    )
    (fp_text value C20pf (at 0 1.43 270) (layer F.Fab)
      (effects (font (size 1 1) (thickness 0.15)))
    )
    (fp_line (start -0.8 0.4) (end -0.8 -0.4) (layer F.Fab) (width 0.1))
    (fp_line (start -0.8 -0.4) (end 0.8 -0.4) (layer F.Fab) (width 0.1))
    (fp_line (start 0.8 -0.4) (end 0.8 0.4) (layer F.Fab) (width 0.1))
    (fp_line (start 0.8 0.4) (end -0.8 0.4) (layer F.Fab) (width 0.1))
    (fp_line (start -0.171267 -0.51) (end 0.171267 -0.51) (layer F.SilkS) (width 0.12))
    (fp_line (start -0.171267 0.51) (end 0.171267 0.51) (layer F.SilkS) (width 0.12))
    (fp_line (start -1.65 0.73) (end -1.65 -0.73) (layer F.CrtYd) (width 0.05))
    (fp_line (start -1.65 -0.73) (end 1.65 -0.73) (layer F.CrtYd) (width 0.05))
    (fp_line (start 1.65 -0.73) (end 1.65 0.73) (layer F.CrtYd) (width 0.05))
    (fp_line (start 1.65 0.73) (end -1.65 0.73) (layer F.CrtYd) (width 0.05))
    (fp_text user %R (at 0 0 270) (layer F.Fab)
      (effects (font (size 0.4 0.4) (thickness 0.06)))
    )
    (pad 1 smd roundrect (at -0.875 0 270) (size 1.05 0.95) (layers F.Cu F.Paste F.Mask) (roundrect_rratio 0.25)
      (net 41 /stm32_board/STM32_CORE/OSCIN))
    (pad 2 smd roundrect (at 0.875 0 270) (size 1.05 0.95) (layers F.Cu F.Paste F.Mask) (roundrect_rratio 0.25)
      (net 35 GND))
    (model ${KISYS3DMOD}/Capacitor_SMD.3dshapes/C_0603_1608Metric.wrl
      (at (xyz 0 0 0))
      (scale (xyz 1 1 1))
      (rotate (xyz 0 0 0))
    )
  )

  (module Capacitor_SMD:C_0603_1608Metric_Pad1.05x0.95mm_HandSolder (layer F.Cu) (tedit 5B301BBE) (tstamp 5BEF47C8)
    (at 314.74772 36.797311 180)
    (descr "Capacitor SMD 0603 (1608 Metric), square (rectangular) end terminal, IPC_7351 nominal with elongated pad for handsoldering. (Body size source: http://www.tortai-tech.com/upload/download/2011102023233369053.pdf), generated with kicad-footprint-generator")
    (tags "capacitor handsolder")
    (path /5BEEE39B/5BCB6FA2/5BCBF1ED)
    (attr smd)
    (fp_text reference C14 (at 0 -1.43 180) (layer F.SilkS)
      (effects (font (size 1 1) (thickness 0.15)))
    )
    (fp_text value C20pf (at 0 1.43 180) (layer F.Fab)
      (effects (font (size 1 1) (thickness 0.15)))
    )
    (fp_text user %R (at 0 0 180) (layer F.Fab)
      (effects (font (size 0.4 0.4) (thickness 0.06)))
    )
    (fp_line (start 1.65 0.73) (end -1.65 0.73) (layer F.CrtYd) (width 0.05))
    (fp_line (start 1.65 -0.73) (end 1.65 0.73) (layer F.CrtYd) (width 0.05))
    (fp_line (start -1.65 -0.73) (end 1.65 -0.73) (layer F.CrtYd) (width 0.05))
    (fp_line (start -1.65 0.73) (end -1.65 -0.73) (layer F.CrtYd) (width 0.05))
    (fp_line (start -0.171267 0.51) (end 0.171267 0.51) (layer F.SilkS) (width 0.12))
    (fp_line (start -0.171267 -0.51) (end 0.171267 -0.51) (layer F.SilkS) (width 0.12))
    (fp_line (start 0.8 0.4) (end -0.8 0.4) (layer F.Fab) (width 0.1))
    (fp_line (start 0.8 -0.4) (end 0.8 0.4) (layer F.Fab) (width 0.1))
    (fp_line (start -0.8 -0.4) (end 0.8 -0.4) (layer F.Fab) (width 0.1))
